1 0.00329516632881 0.99670483356 1.1110760948e-10 4.30334718135e-13 4.34544102769e-19
1 0.0203837872034 0.979614162437 2.04849495807e-06 1.72873340938e-09 1.36096225188e-10
1 0.990575459006 0.00942452867165 1.23218830822e-08 6.81156422658e-14 1.41896826122e-18
1 0.881831923622 0.115478026248 0.00268836368247 1.6685209745e-06 1.79270915299e-08
1 0.952394795076 0.0474915548479 0.00011262053929 9.46237987858e-07 8.32984630674e-08
1 0.999998702661 1.29733867477e-06 2.78939062108e-13 1.87319462702e-20 3.46321199964e-26
1 0.758298116731 0.230987854056 0.0105762410412 6.63412290676e-05 7.14469424583e-05
1 0.463955048085 0.303631512151 0.128638276871 0.0611476943461 0.0426274685474
1 0.297403118949 0.578790338217 0.119958684402 0.00317515882276 0.000672699608711
1 0.00563146568453 0.985412214586 0.00870229208052 0.000252682343637 1.34530509139e-06
1 0.146269688729 0.833493031626 0.014032102351 0.00449113429107 0.00171404300358
1 0.000712167056679 0.999079234159 0.000208573218149 2.55406064695e-08 2.5241115587e-11
1 0.66107587478 0.338068592214 0.000854104589883 1.42756195583e-06 8.54691096621e-10
1 0.000856371088401 0.996632443574 0.0025089453921 2.2398678984e-06 7.79616985293e-11
1 0.872593242531 0.127083489148 0.000322396711995 8.67354824693e-07 4.25411423039e-09
1 0.999289718386 0.000710281613778 1.06300786636e-13 1.02090111334e-23 7.45517159917e-29
1 0.0198112865519 0.97928670314 0.000901988045915 2.19539048877e-08 3.08531209438e-10
1 0.67472413257 0.27113358403 0.0540123120122 0.000118297844333 1.16735439621e-05
1 0.511413116835 0.488586868106 1.50587122886e-08 1.80137399451e-16 8.01255227793e-21
1 0.938391800329 0.0595405145976 0.00162130225157 0.000443955480345 2.42734133153e-06
1 0.999999993219 6.7808999867e-09 1.17722506693e-16 1.65035885356e-22 1.90065096437e-27
1 0.260220549233 0.669261480189 0.0670009186748 0.00298987298432 0.000527178918924
1 0.153189010696 0.846572808384 0.000235950162248 2.23064695909e-06 1.10115767531e-10
1 0.846323783919 0.15351222309 0.000120246134467 4.37232333887e-05 2.3623028324e-08
1 0.95879128859 0.0412086544705 5.69300830823e-08 9.69334830764e-12 1.10779947148e-14
1 0.0223224948782 0.951874688583 0.0257602207315 4.14344725376e-05 1.16133495746e-06
1 0.465056223453 0.534213268047 0.000730403245488 1.04813360104e-07 4.41629678705e-10
1 0.996794398659 0.00320558944075 1.18995237852e-08 7.10509077649e-13 3.76060183887e-19
1 0.536196205641 0.382140920416 0.0767335229261 0.00277772344142 0.00215162757476
1 0.520152142034 0.479142859301 0.00070496378822 3.48430484436e-08 3.41749374476e-11
1 4.69315605094e-08 0.999999953068 9.97486545817e-14 2.03984835965e-25 1.65704837468e-39
1 0.983964685972 0.0160345700158 7.44011793261e-07 2.06452039407e-13 2.49172607023e-16
1 0.183539511727 0.554444885119 0.131313373105 0.116182088496 0.0145201415526
1 0.0317969064713 0.759957282443 0.0506134757019 0.080791643314 0.0768406920693
1 0.998210112231 0.0017783570722 1.1524721343e-05 4.19863054373e-09 1.77686777728e-09
1 0.577733577882 0.421368538322 0.000894629560842 3.18359912293e-06 7.06361627276e-08
1 0.998068576169 0.00193036461754 6.50443190625e-07 3.78145531034e-07 3.06248430819e-08
1 0.000453162336927 0.972541152843 0.0270056542713 3.049487338e-08 5.36630230604e-11
1 0.69092991807 0.286985325849 0.021297779654 0.00068425719453 0.00010271923279
1 0.998993323615 0.00100416310275 2.51122079671e-06 2.06125621643e-09 5.29725578264e-15
1 0.203969310078 0.315842659925 0.407492381916 0.0558209729743 0.0168746751069
1 0.0825795455691 0.292688157752 0.62203387049 0.00194920663143 0.000749219557311
1 0.634960951578 0.35458309447 0.00684162906234 0.00359608068719 1.82442024021e-05
1 0.977002766737 0.0229972153772 1.78854308272e-08 4.01748417683e-16 3.74381189581e-20
1 0.971017453186 0.0289449363527 3.76087692049e-05 1.69187479177e-09 1.5974929475e-13
1 0.999760127393 0.000239852743814 1.98623683087e-08 3.80988983071e-13 9.07396069789e-16
1 0.999929811414 7.01833857526e-05 5.19360916076e-09 6.23100475455e-12 2.54606024273e-16
1 1.0 1.17800358627e-15 2.56133886824e-24 9.14422887906e-31 6.53637163283e-39
1 0.999396691298 0.000603308646867 5.46602140669e-11 2.57136637673e-17 1.70005155644e-19
1 0.692819055243 0.260533813517 0.0346650038596 0.00505038548532 0.00693174189515
1 0.996412750179 0.00358709504195 1.54597320211e-07 1.80001126746e-10 1.24663556176e-12
1 0.999998848851 1.13542625838e-06 1.56985597081e-08 2.44146304705e-11 1.32367353134e-13
1 0.519106569678 0.424474094015 0.0518850045037 0.00317573346127 0.00135859834233
1 0.992396290508 0.00760332229921 3.87190814619e-07 2.38304568421e-12 3.54898326497e-17
1 0.999985353282 1.46467179631e-05 1.39596407402e-18 4.07107298939e-27 1.94149657467e-34
1 0.709047973935 0.290949614469 2.4088381238e-06 2.75800286286e-09 1.89742844934e-15
1 0.553924217141 0.443485630356 0.00255130251156 3.60442085283e-05 2.80578327249e-06
1 0.124031555681 0.875968444282 3.6318840192e-11 5.02401735877e-19 8.84245163751e-22
1 0.424865793788 0.574957460745 0.000176085234931 6.60165518119e-07 6.66811667607e-11
1 0.796222838408 0.193896291715 0.00908913809249 0.000698063235265 9.36685485392e-05
1 0.617019062559 0.250739905948 0.121875563747 0.00921299105957 0.00115247668638
1 0.771429481308 0.228569066789 1.41605780785e-06 3.56131167837e-08 2.32127621586e-10
1 0.200286745106 0.799713233292 2.16023833356e-08 2.49886233272e-17 5.24995536334e-22
1 0.000675780665552 0.999309331933 1.48874011177e-05 6.58805404363e-15 1.04505527336e-20
1 0.60724868531 0.392751305246 9.4438120091e-09 5.68950322393e-16 4.90131413353e-22
1 0.587670844351 0.394931600818 0.0172641434792 8.79486797695e-05 4.54626724164e-05
1 0.999999965903 3.40974359718e-08 8.0554310589e-16 6.46924826412e-21 1.90361542541e-28
1 0.986400340873 0.0135996591166 1.07133101782e-11 1.81912104218e-18 3.30535004577e-26
1 0.762956364325 0.237030710093 1.27654925422e-05 1.6007756436e-07 1.16786215047e-11
1 0.923725520862 0.0762744788191 3.18430940827e-10 1.50705896843e-16 2.4307679898e-23
1 0.187807032791 0.812187409897 5.55730454394e-06 7.08654441434e-12 2.08646282145e-16
1 0.89773262638 0.10220627618 6.10781200943e-05 1.80771434058e-08 1.24256388323e-09
1 0.560076352991 0.439923645014 1.99481238619e-09 4.82448500208e-17 1.76875929671e-20
1 0.999203329884 0.000796670096891 1.89591678488e-11 1.07235116352e-23 8.21381903036e-29
1 0.72674954193 0.273223863029 2.65950382691e-05 3.00910128898e-12 1.62319432808e-17
1 0.377312908124 0.587440636076 0.0346917375993 0.000545498866312 9.21933363586e-06
1 0.919014318927 0.0688428856763 0.0121359312551 6.80069668061e-06 6.34449424317e-08
1 0.728937318717 0.267798673976 0.00309353765715 0.000165216596244 5.25305312308e-06
1 0.998232238481 0.0017294317929 3.81354759581e-05 1.90559802453e-07 3.69062619578e-09
1 0.734255568456 0.26539987103 0.000342680160501 1.82975574709e-06 5.05974733288e-08
1 0.837146343098 0.146456328899 0.0152600017887 0.000833315566875 0.000304010647704
1 0.999851148212 0.000148593795653 2.57987292554e-07 5.48160998553e-12 2.13959115871e-15
1 0.999787149841 0.000159242626803 5.36063893427e-05 1.13154130383e-09 1.086104501e-11
1 0.058454090308 0.941539537111 6.37256860431e-06 1.24156184958e-11 3.90921346263e-16
1 0.999887942551 0.000111038595631 1.01882992633e-06 2.20303887389e-11 1.14420696525e-12
1 0.994943223172 0.00505500340929 1.77341874182e-06 3.00238676833e-13 4.46976204934e-17
1 0.997753067911 0.00224679773546 1.34353885615e-07 1.72529906354e-14 6.41603380376e-17
1 0.707882269031 0.229975081277 0.0497379900528 0.00865684049053 0.00374781914853
1 0.988976757448 0.0110219518888 1.29065347794e-06 9.25092391863e-12 2.04918649348e-14
1 0.894000520797 0.105999449014 3.01887142714e-08 1.72885161123e-15 8.80343392862e-22
1 0.999986907193 1.30928056727e-05 1.32392795615e-12 5.34777218441e-28 7.11703540226e-33
1 0.82314777268 0.176783045459 6.9152676923e-05 2.9146948107e-08 3.63832719369e-11
1 0.999972896387 2.71035723304e-05 4.07463649615e-11 2.66005206584e-18 1.12362878044e-22
1 0.257249970344 0.728230102797 0.0145199237718 3.08733920488e-09 8.44938858851e-15
1 0.989820276094 0.0101685035801 1.10261359495e-05 1.93612173854e-07 5.7739582519e-10
1 0.998094355605 0.00190562921449 1.51800532812e-08 1.16359815951e-18 1.14698129667e-21
1 0.868905598751 0.131094401246 3.52991722377e-12 1.07909212807e-26 9.71427984664e-42
1 0.984620521874 0.0149759836912 0.000403493742903 6.91327398257e-10 5.32241405746e-13
1 0.994357097242 0.00563990363094 2.97762107669e-06 2.13787639868e-08 1.27517610981e-10
1 0.99999106864 8.93135979436e-06 5.89304717098e-19 5.18819969093e-25 1.16124609933e-35
1 0.919849624027 0.0353146349394 0.0401504671173 0.00433038093812 0.000354892978405
1 0.958512256308 0.0409508528227 0.000533563095195 3.30711274822e-06 2.06609725791e-08
1 0.986871257135 0.0130263951044 0.00010231151776 3.56389960334e-08 6.04277316723e-10
1 0.999138056921 0.000861942842703 2.34198813609e-10 2.02176129505e-12 2.56960800527e-16
1 0.998301483697 0.00169851629684 6.59832829732e-12 6.35013325509e-19 1.24399444049e-25
1 0.926740111937 0.0732594715986 4.16463685572e-07 1.15741061602e-12 5.39613722702e-17
1 0.996610560128 0.00338943840278 1.46870947056e-09 6.85898975827e-14 2.59424912413e-22
1 0.52097493708 0.479024383709 6.79210504318e-07 3.1868007162e-15 4.67555576623e-20
1 0.297547893795 0.682073285874 0.0198551549318 0.00052317759017 4.87808971027e-07
1 0.0751669398561 0.924763702759 6.91907803046e-05 1.66327787254e-07 2.77229607721e-10
1 0.0382183587261 0.96011647576 0.00166176515084 3.10921697287e-06 2.91146249544e-07
1 0.99993855712 6.14428778899e-05 1.94278836065e-12 5.00116037822e-16 9.78664003397e-22
1 0.852296028945 0.147703966906 4.14911157365e-09 1.8366712272e-15 1.11147876751e-20
1 0.999865112448 0.000134862681903 2.48703768914e-08 1.31611030762e-14 6.65910494625e-23
1 0.571482396418 0.315549705431 0.0746078897112 0.0231613219763 0.0151986864637
1 0.495695280535 0.50424320349 6.13348886229e-05 1.75571764483e-07 5.51423573106e-09
1 0.593477069838 0.305617325728 0.0555931547907 0.029295175481 0.0160172741629
1 0.218781605511 0.781218391373 3.11619070841e-09 7.05147883631e-18 2.0859742712e-23
1 0.506862730419 0.479385420203 0.0134351483717 0.000274031999216 4.26690070456e-05
1 0.0380203056372 0.279732535073 0.675900855515 0.00634630376827 6.35986685812e-12
1 0.97553857754 0.0228719253978 0.00157472298752 1.46939251592e-05 8.01494215049e-08
1 0.999923680357 7.63196423658e-05 7.46395619694e-13 1.53448798296e-17 1.99994539341e-22
1 0.974240291081 0.0256545383944 0.000104873867288 2.96582207853e-07 7.46417576792e-11
1 0.0176554818542 0.958988081886 0.0232873934863 6.892966418e-05 1.13109498107e-07
1 0.844354411781 0.155645285104 3.03114934763e-07 3.29749038047e-14 4.60806716604e-16
1 0.0671397507121 0.92929684574 0.00342835686672 0.000132555225305 2.4914556808e-06
1 8.85110901023e-05 0.993137775165 0.00677370898046 4.70412045829e-09 5.99481079069e-11
1 0.772367661096 0.227631763308 5.75595299882e-07 3.3244076285e-14 1.81640203097e-22
1 0.999992892787 7.10690616913e-06 3.06830691237e-10 3.75708740339e-15 1.02031996137e-17
1 0.605298807301 0.383278612518 0.0113872037711 3.52504595071e-05 1.25950385474e-07
1 0.904697516436 0.0899116018071 0.00538038703144 1.04889328058e-05 5.79299818472e-09
1 0.00364658114404 0.936375545098 0.0593407575566 0.000634946184433 2.17001644551e-06
1 0.00726353382651 0.992689205454 4.72607190894e-05 2.3933635032e-16 3.24606253701e-23
1 0.102679942925 0.866456210479 0.0307451049366 0.000114627203859 4.11445509888e-06
1 0.999999506622 4.93378005216e-07 3.14388950741e-16 7.62198761333e-25 1.12742084709e-31
1 0.246145923548 0.401974767372 0.282908114209 0.0639086208284 0.00506257404229
1 0.988587894432 0.0113392279825 7.16559849322e-05 1.22152321778e-06 7.7709527568e-11
1 0.99196075639 0.00803823792125 1.00568686221e-06 2.32590374157e-12 2.08329039355e-16
1 0.999950285202 4.97147690812e-05 2.85984225778e-11 3.65561477933e-23 1.24751649107e-33
1 0.72051249186 0.279487501224 6.91628348485e-09 7.65234527312e-21 1.15235901676e-23
1 0.972408636767 0.0273269417909 0.000264421314006 1.2830485866e-10 2.43983060012e-15
1 0.481194381401 0.518578403211 0.000227215267372 1.14111780276e-10 6.66739166038e-12
1 0.457233529545 0.452626521944 0.0680783945326 0.0192687252885 0.0027928286899
1 0.954293192206 0.0456730815075 3.36939570518e-05 3.23129947971e-08 1.65398101967e-11
1 0.965885417646 0.0340589770087 5.5546100373e-05 5.92103564614e-08 3.46924846002e-11
1 0.965885417646 0.0340589770087 5.5546100373e-05 5.92103564614e-08 3.46924846002e-11
1 0.578614170927 0.388801487935 0.0299610502755 0.00171398012545 0.000909310737304
1 0.00265846225365 0.99291742354 0.00442391263463 2.00839772728e-07 7.32299095934e-10
1 0.594145632464 0.381460723496 0.0227089628294 0.00151672492578 0.000167956285646
1 0.997973770122 0.00202622718432 2.69344818115e-09 4.5563898421e-15 1.34043436292e-17
1 0.997552194214 0.00244627571017 1.53007539819e-06 4.66868201095e-15 5.61183574902e-20
1 0.152139418306 0.847520178575 0.000340400624332 2.49358333081e-09 6.76859503263e-13
1 0.967711620306 0.0322804631307 7.91356700644e-06 2.99403950287e-09 1.86109366216e-12
1 0.984861095426 0.0151386160213 2.85139353071e-07 3.38900892589e-09 2.4428635785e-11
1 0.595299372043 0.324471714694 0.0764048003884 0.00360808467253 0.000216028202272
1 0.754536000587 0.245456247179 7.75223349754e-06 1.91874768713e-17 3.9381016616e-31
1 0.400344587623 0.599019695746 0.000635671584214 4.50468101632e-08 1.68673391079e-13
1 0.999999998015 1.98555084833e-09 1.27887837355e-18 1.63988144198e-32 5.07415657707e-49
1 0.73945751875 0.260431020366 0.000111033962626 4.26620475687e-07 3.00931853928e-10
1 0.999999997723 2.27290597065e-09 4.39501171016e-12 6.55959421841e-21 6.09198397861e-24
1 0.999971124974 2.88749977544e-05 2.82281297391e-11 3.56524853726e-16 7.26904213986e-20
1 0.0587152655757 0.939403322165 0.00186534680992 1.60636701705e-05 1.77906805137e-09
1 0.0135174061415 0.986450401949 3.21918917089e-05 1.78723791734e-11 1.09754954782e-18
1 0.999999999916 8.4122111966e-11 1.9619747272e-14 1.26380143297e-23 1.70482318862e-25
1 0.95561536741 0.0160208153248 0.0282417028179 1.92803271064e-05 0.000102834120598
1 1.47566788502e-07 0.987949772077 0.00946798532619 0.00258209490268 1.2755141273e-10
1 0.815693088678 0.184306844822 6.6499416529e-08 8.79588402483e-13 6.49898666189e-20
1 0.00707280814454 0.85069837969 0.108229541813 0.0338769202557 0.000122350096682
1 0.000894413906161 0.0135731132251 0.157463074846 0.826963770949 0.00110562707415
1 0.999995551559 4.44844062094e-06 2.71898349907e-15 2.55217262154e-15 5.18686727115e-19
1 0.99999842776 1.57224008516e-06 2.64186230284e-16 1.26250450399e-27 4.04143645693e-33
1 0.510284648683 0.26212749832 0.19870208114 0.0244108835835 0.00447488827442
1 0.963705779303 0.0362932634568 8.30533379378e-07 1.21871914812e-07 4.8352091324e-09
1 6.97238748388e-05 0.985519568006 0.00645824263815 0.00703383840069 0.000918627080562
1 0.999990599654 9.39983273798e-06 4.8142636095e-10 3.16876052441e-11 4.15403938514e-15
1 0.330808876725 0.168433823681 0.198898541296 0.163384910464 0.138473847833
1 0.999997867119 2.13288147849e-06 1.3466093873e-15 6.87124054559e-27 1.25802351783e-36
1 0.738034620485 0.184919671562 0.070551241053 0.0054180686015 0.00107639829821
1 0.477799497347 0.337801359024 0.0827515591548 0.0488690309969 0.0527785534767
1 0.0617140306081 0.177625053853 0.585161896966 0.140042656877 0.0354563616959
1 0.983001146011 0.0167621590262 0.000236685730075 9.16978468685e-09 6.30641643453e-11
1 0.0120279791797 0.626258104499 0.355435565555 0.00403540835587 0.00224294241032
1 0.974330067545 0.0256684147437 1.51769339172e-06 1.8288384266e-11 1.04593950908e-17
1 0.00127800283512 0.998720015314 1.98185050678e-06 3.54395842886e-13 5.38467828629e-19
1 0.753247481669 0.244241363305 0.00250289249413 7.16649599634e-06 1.09603630078e-06
1 0.126897952442 0.872860777515 0.000241235150373 3.48799273614e-08 1.24595453367e-11
1 0.999978487762 2.15050071462e-05 7.19404215067e-09 3.67514585002e-11 7.08873201515e-16
1 0.224690868207 0.736451587204 0.0328601049138 0.00598391450628 1.35251684207e-05
1 0.00182479764257 0.998175077233 1.24972253352e-07 1.51722663796e-10 3.17019208935e-18
1 0.0729399364279 0.883483952562 0.0426690756111 0.000906740441022 2.94957710362e-07
1 0.0259623837676 0.97381374675 0.000209931297987 1.39379308929e-05 2.53091749791e-10
1 0.00394310861274 0.995423000141 0.000628988227398 4.89885406563e-06 4.16438547028e-09
1 0.957174929369 0.0417526203002 0.00107009732535 2.351476811e-06 1.52816642453e-09
1 0.999997427405 2.57259516803e-06 2.80192172924e-13 1.05592625301e-20 1.18975754483e-24
1 0.808501279663 0.191490454663 8.26564723032e-06 2.65482063676e-11 4.48363774398e-15
1 0.333299568046 0.666274710078 0.000421530765305 2.1590453745e-06 2.03206509347e-06
1 0.111003253847 0.883892253043 0.00510341480458 1.03993182768e-06 3.83731015613e-08
1 0.0768935023525 0.775797357632 0.136009307415 0.0107780762804 0.000521756319672
1 0.529015405665 0.148212520784 0.129503815089 0.0948079184374 0.0984603400248
1 0.0080491019539 0.0907164831821 0.537824085129 0.2786605441 0.084749785635
1 0.86841894219 0.131571086165 9.97034193919e-06 1.30282278461e-09 2.08899421565e-13
1 0.492176053496 0.410161028586 0.0878974974525 0.00950343255816 0.000261987907443
1 0.000281363304501 0.974818180581 0.024900410194 4.59204409499e-08 4.87867830013e-14
1 1.72954375372e-09 0.999999944984 5.32866398283e-08 2.77349579695e-19 2.65059090276e-23
1 0.00940883925756 0.619287051664 0.369362721975 0.00192937342308 1.20136805148e-05
1 0.00246202854564 0.992237377799 0.00508174751809 0.0002048182988 1.40278382263e-05
1 0.000813715852472 0.99909634388 8.99392834733e-05 9.8308129792e-10 1.00487179099e-12
1 0.892514713916 0.107453553471 3.17325719887e-05 3.99449035175e-11 1.15901032714e-12
1 0.363073789675 0.50568263751 0.125738497618 0.0048280968893 0.000676978307451
1 0.995062070155 0.00487036522569 6.74820407725e-05 6.79477337792e-08 1.46309729836e-08
1 0.0087609364636 0.0261522399335 0.838518693107 0.0744467368784 0.0521213936171
1 0.0190454325793 0.980887470193 6.70972185583e-05 9.37293033611e-12 2.045880637e-16
1 0.0913870762085 0.893896660729 0.0146920679943 2.41950680486e-05 1.60467121169e-19
1 0.800064423574 0.198821184267 0.000499361884965 0.000571543417045 4.34868562869e-05
1 0.000215568926802 0.0468252009139 0.952925074474 3.39662195908e-05 1.89465917465e-07
1 0.218951457141 0.0899679972215 0.104543353299 0.517639193159 0.0688979991797
1 0.545300165971 0.21406361998 0.115962760958 0.0649656315695 0.0597078215212
1 0.989523178292 0.00923283032596 0.00070154028388 0.000539013379876 3.43771844912e-06
1 0.672685260161 0.275939892432 0.0467918226493 0.00196381448384 0.00261921027417
1 0.998346649205 0.00165330256724 4.82280082314e-08 9.57448190897e-20 1.13303097346e-22
1 0.620248126555 0.379456446433 0.000289265714488 6.10239937736e-06 5.8898899787e-08
1 0.467922665774 0.524013460904 0.00789946865528 0.000163809631508 5.9503547822e-07
1 0.178897794292 0.11711205686 0.39480222083 0.119358810949 0.189829117069
1 0.979734640368 0.0202653595591 7.28514133324e-11 9.54740292302e-14 1.42961281673e-21
1 0.999875906583 0.000123822248744 2.6998558384e-07 1.17930125304e-09 3.51914479674e-12
1 0.97810117947 0.0218861902473 1.26239608766e-05 6.3191100004e-09 2.4550080906e-12
1 0.931588885781 0.0512460722921 0.0168995452879 0.000263556735523 1.9399035942e-06
1 0.99634246011 0.00365753987906 1.05909006811e-11 2.49924836549e-18 5.38770632967e-23
1 0.463390628327 0.5362290186 0.000380351541495 1.53097223731e-09 5.45153175941e-13
1 1.52194251236e-06 0.999998475975 2.08225902743e-09 1.35178915768e-22 4.48146202003e-35
1 0.997405622697 0.00258907678907 5.30018322813e-06 2.78110969933e-10 5.2960818284e-11
1 0.169113084189 0.596667014304 0.229187292703 0.00500638989699 2.62189072912e-05
1 0.304247976273 0.694531953408 0.00121941946118 6.09850544036e-07 4.10072722015e-08
1 0.524404885788 0.351781110554 0.0936030554652 0.0284347305119 0.0017762176812
1 0.00533502988658 0.978352691101 0.0162434348744 6.88329892945e-05 1.11491853408e-08
1 0.392898118688 0.451214312994 0.138681754114 0.0120737455146 0.00513206868888
1 0.473326607454 0.509874249486 0.0166205625278 0.000170402128402 8.17840417994e-06
1 0.543290437148 0.38366674696 0.0658535837497 0.00656973137496 0.000619500767321
1 0.998371180928 0.00154280157017 8.3731056998e-05 2.2615936903e-06 2.48511699999e-08
1 0.0151374719512 0.292508051295 0.486333337981 0.187560895956 0.0184602428178
1 0.967443829111 0.0325536963499 2.47439105875e-06 1.45275239194e-10 2.86014112432e-12
1 0.957249755283 0.0427478294335 2.41524421593e-06 3.37670470782e-11 5.22105248906e-12
1 0.998113861346 0.00187016144128 1.59232916022e-05 5.25786063335e-08 1.34270621401e-09
1 0.026715791265 0.972022481319 0.00125810814349 3.60533617042e-06 1.39362170078e-08
1 0.830089544629 0.169856551599 5.38969109846e-05 6.86055309842e-09 7.36887934988e-13
1 0.999093174032 0.000906825480786 4.87345457625e-10 1.2092130153e-15 2.99658891043e-21
1 0.999991270601 8.72937312571e-06 2.56206485219e-11 7.05801055518e-14 1.13379495771e-21
1 0.786591160897 0.212069662228 0.00131195501258 2.71586407816e-05 6.32211430752e-08
1 0.335751104381 0.575291044013 0.0869869284632 0.00177411284783 0.000196810294885
1 0.351002365666 0.635314680766 0.013666812585 1.61180559204e-05 2.29263609276e-08
1 0.0434985168035 0.609133302931 0.331439354496 0.0126270885655 0.00330173720366
1 0.904204956109 0.0946304014956 0.00115003249191 1.39446022487e-05 6.6530086585e-07
1 0.897178386677 0.100047381289 0.00270087951155 7.17042273076e-05 1.64829528033e-06
1 0.971357819444 0.0278691034645 0.000343251016672 0.000420499391595 9.32668308709e-06
1 0.912792675551 0.0855473137191 0.00130061327194 0.000351017297484 8.38016072804e-06
1 0.18469284132 0.813832094556 0.00147503853844 2.55090237878e-08 7.60431408861e-11
1 0.000859060269464 0.972287784624 0.0268097028155 4.34522910236e-05 2.87314110806e-13
1 0.576076042461 0.42391027964 1.36776464844e-05 2.52529709089e-10 1.58217062808e-13
1 0.892589684703 0.107410314305 9.91443521268e-10 1.29337579156e-16 1.05148957957e-25
1 0.001738498298 0.985874643825 0.012385544107 1.31362494362e-06 1.45379872769e-10
1 0.988367396793 0.0116325438597 5.93470776019e-08 9.82650895242e-14 1.18546365092e-19
1 0.412560947922 0.584841026625 0.00254607280376 5.17128724362e-05 2.39776419056e-07
1 7.21007727228e-06 0.999992724085 6.58378232371e-08 4.64782737881e-16 8.44821440164e-27
1 0.0343135449354 0.965576774718 0.000109468138135 2.1023104204e-07 1.97768222648e-09
1 0.396493868159 0.603179143123 0.000326977911733 1.07891400213e-08 1.725801909e-11
1 0.735709196552 0.264281850785 8.95265059103e-06 1.26147739805e-11 2.45130508079e-16
1 7.86747392571e-05 0.998939482844 0.000827741341358 0.000153806331433 2.94743811488e-07
1 0.952200617062 0.0471854112516 0.000605412456194 7.94808460726e-06 6.11145863505e-07
1 0.916513849895 0.0826166263074 0.000816551075324 5.21528844233e-05 8.19837764005e-07
1 0.0578467578395 0.584482541331 0.174319354432 0.15559849836 0.0277528480372
1 0.941731224791 0.0553702215853 0.00227433074881 0.000250444062881 0.000373778811917
1 0.660432052646 0.339515711297 5.22358231432e-05 2.31741207349e-10 1.44769925768e-12
1 0.266628956087 0.604745900002 0.123470616112 0.00188667838633 0.0032678494131
1 0.990996452556 0.00890307798835 0.000100401170168 6.82561383131e-08 2.94515676593e-11
1 0.998873979825 0.00112600845033 1.17241282633e-08 6.73505248592e-14 5.92983850733e-22
1 0.0931278331627 0.906780575042 9.15917796308e-05 1.52899046442e-11 3.89390691595e-19
1 0.999243686708 0.000755959492073 3.53798583975e-07 1.4814251467e-12 1.25458355921e-15
1 0.864332550077 0.134840719608 0.000742503649711 8.38378393447e-05 3.88825923694e-07
1 0.0931845945536 0.886982314365 0.0153975715091 0.00330452595804 0.00113099361471
1 0.00153730677658 0.989553834106 0.00890474041377 4.11870366469e-06 1.52116304739e-14
1 0.999375705927 0.000624222425643 7.16472706781e-08 6.84736310709e-19 4.54618761438e-29
1 0.999975677288 2.42975480578e-05 2.51629266163e-08 1.08676735816e-12 1.68495829685e-16
1 0.0426438668499 0.957351810747 4.32238545417e-06 1.72444888597e-11 3.63936582917e-19
1 2.32484780285e-06 0.999997322608 3.52544131954e-07 1.56019554908e-13 7.1478533434e-20
1 0.775433133622 0.218867574591 0.00552097096931 0.000177567123293 7.53693746906e-07
1 0.379963373405 0.418408787923 0.201195138705 0.000423914322118 8.78564414852e-06
1 0.999999957942 4.20571518321e-08 5.26508604767e-13 2.31746915014e-22 5.22428569561e-30
1 0.126692498887 0.873062251711 0.000245180203564 6.91947419529e-08 3.04260754207e-12
1 0.00117707969554 0.998822919796 5.08274314685e-10 3.06041820749e-19 1.42541973197e-25
1 0.0411525921257 0.923123467715 0.0336086972485 0.00211457449341 6.68417699151e-07
1 0.643347198754 0.356649850563 2.95066513561e-06 1.75836615971e-11 6.53829970513e-19
1 0.99926394263 0.00073605736939 3.07183240844e-13 4.08213949473e-26 7.47533442708e-35
1 0.146019212895 0.651938208934 0.200732397881 0.00130910541239 1.07487763765e-06
1 0.39823847869 0.185301339206 0.214162073976 0.131971914472 0.0703261936553
1 0.130593779675 0.869406214606 5.7196145005e-09 8.4749584344e-15 1.32253155888e-21
1 0.998980215174 0.00101978482618 1.13586378373e-16 1.45979153685e-26 5.05773269783e-34
1 0.00351588932626 0.996420671947 6.34384733767e-05 2.53627091205e-10 9.48953013185e-15
1 0.946429251653 0.0515184584759 0.00203547483232 1.67502656817e-05 6.47735731517e-08
1 0.842874339837 0.156745478163 0.000380103940247 7.79759903965e-08 8.36302840386e-11
1 0.704182490809 0.261864327094 0.0325781344076 0.0010177509387 0.000357296750318
1 0.999752990247 0.000246987720177 2.20327837931e-08 1.81223720638e-13 4.61127070192e-20
1 0.992710655722 0.00728934427763 8.04183060983e-14 1.58063564715e-25 2.95087823338e-30
1 0.941411631063 0.0584400218692 0.000147895135264 4.44461085866e-07 7.4712641367e-09
1 0.0323059669989 0.511047922816 0.426814070617 0.0298138421073 1.81974600289e-05
1 0.998170241255 0.00182963072118 1.27993580234e-07 2.906507952e-11 1.59323417757e-12
1 0.0316810109277 0.968289832332 2.91567402108e-05 1.33075711337e-13 1.72735206966e-19
1 0.0159965387902 0.984001795769 1.66544085727e-06 1.30632574428e-16 1.29632949877e-26
1 0.209069084159 0.486074606699 0.302026794753 0.00280819026226 2.1324126598e-05
1 0.903568616245 0.0963506423295 8.07414131832e-05 1.2697896151e-11 5.68742092869e-20
1 0.968671247975 0.0313119885278 1.67362108093e-05 2.69474510778e-08 3.39191659969e-10
1 0.803365830034 0.176773093732 0.0197729218804 6.9999196721e-05 1.81551569027e-05
1 0.00152527899196 0.994554068501 0.00293638813722 0.000984263424352 9.45938308719e-10
1 0.190756803057 0.797462556067 0.00947618196824 0.00174720244056 0.000557256467644
1 0.113434508068 0.20894917511 0.387239967732 0.221954104278 0.0684222448122
1 0.689712187209 0.307466278058 0.00281923249058 2.29554681006e-06 6.69512238643e-09
1 0.0270063022368 0.972993697035 7.27892511002e-10 1.02797626654e-19 4.17691811383e-27
1 0.999999996875 3.12524861778e-09 3.48513795181e-14 4.56676488648e-24 3.28990347911e-29
1 0.0139588852712 0.985993976915 4.71378130107e-05 3.37648902367e-13 8.332159068e-21
1 0.0734086100348 0.926581145422 1.02445429851e-05 3.50779838624e-16 1.10899290988e-23
1 0.0714563209269 0.00336979701591 7.79200128477e-05 0.924994716655 0.000101245389061
1 0.00192312540596 0.998076649684 1.92158162211e-07 3.275142909e-08 2.69661033495e-14
1 0.00391080887544 0.996089173321 1.78037392429e-08 4.92484202204e-16 4.25351520804e-26
1 0.00386755302348 0.979736270231 0.0163805736154 1.55729825479e-05 3.01478127067e-08
1 0.833991827821 0.165021803282 0.000970477255221 1.5692511466e-05 1.99130115701e-07
1 0.0845895546297 0.905297743708 0.00839404481036 0.000423400039335 0.00129525681213
1 0.0979549177663 0.161281448387 0.204988926876 0.281831572049 0.253943134921
1 0.151085870363 0.841529248742 0.00658965016937 0.000772499770767 2.27309547879e-05
1 0.00498083915542 0.994840600848 0.000178532010946 2.79693314099e-08 1.64970320022e-11
1 0.829605313562 0.169814350933 0.00058030894402 2.65171987633e-08 4.44500228665e-11
1 0.996237287698 0.0037625962783 1.1602312312e-07 1.10374308618e-13 5.16346716531e-19
1 0.0546058705748 0.912397238991 0.0325426800972 0.000304464876337 0.000149745460808
1 0.986939990327 0.00189878515404 0.010236784993 0.000139228775916 0.000785210750197
1 0.348659003831 0.177522349936 0.195402298851 0.149425287356 0.128991060026
1 0.348659003831 0.177522349936 0.195402298851 0.149425287356 0.128991060026
1 0.679465584586 0.077371682043 0.165818305093 0.0681041664648 0.00924026181383
1 0.5471929303 0.452761968258 4.50168854355e-05 8.45512603621e-08 5.02166128971e-12
1 0.999865783731 0.000133822478061 3.93763585338e-07 2.7072043696e-11 4.11416614729e-13
1 0.999996855969 3.14284861615e-06 1.18255648551e-09 2.11967626686e-13 1.01670011753e-15
1 0.999978397885 2.16014498237e-05 6.64659545502e-10 1.26247995015e-14 1.34298713014e-18
1 0.80586796224 0.192744424481 0.00133013668697 5.70190627664e-05 4.57528981171e-07
1 3.29701310378e-05 0.999932941488 3.40883811583e-05 3.44028673881e-15 1.61617694519e-22
1 0.98270430717 0.0172956917082 1.12183909555e-09 1.31767435384e-16 7.02794496204e-22
1 0.672404822255 0.326530109534 0.00106487504259 1.9238169635e-07 7.86652552186e-10
1 0.720027541005 0.235094303647 0.043847498733 0.00103019138188 4.65233220395e-07
1 0.908797339588 0.0910729567708 0.00012970349133 1.49999496041e-10 4.80005308125e-14
1 0.00193526533225 0.998058503372 6.23105667219e-06 2.39158817925e-10 8.35613252622e-14
1 0.542654259865 0.440589033885 0.0167507795364 5.91158911143e-06 1.5124155582e-08
1 0.212596289438 0.723020171699 0.0541413152284 0.00994753818567 0.000294685448647
1 0.992691829148 0.00727708479786 3.10795825216e-05 6.47125435411e-09 8.51767809927e-13
1 0.632833183846 0.248006582899 0.0785401577174 0.0256157716124 0.0150043039252
1 0.561171974946 0.288465499256 0.0774791094823 0.0420670567716 0.0308163595447
1 0.896358594141 0.100018577282 0.00331473525753 0.000153658029742 0.000154435289839
1 0.00269415078943 0.997305251496 5.97708935703e-07 5.33153720956e-12 3.30158459616e-17
1 0.892436915325 0.107243167657 0.000319759047697 1.57959165295e-07 1.10133011474e-11
1 0.402197216661 0.512888534802 0.0847469419589 0.000166701894273 6.04683314429e-07
1 0.995957871495 0.00363981225371 0.000399867350244 2.44124975941e-06 7.65088086055e-09
1 0.399384368556 0.459466547389 0.125204582795 0.0153117549889 0.000632746270915
1 0.999990689054 9.31092547519e-06 2.0048876275e-11 1.7358390361e-19 2.68097054234e-26
1 0.994517144957 0.00548187964538 9.75394349875e-07 3.53427295895e-12 1.67971013964e-15
1 0.554097716193 0.0748734177722 0.279609219922 0.0720730580691 0.0193465880434
1 0.993864450485 0.00612675400671 8.79114519827e-06 4.32069600734e-09 4.21896656905e-11
1 0.0704563822954 0.929378405421 0.000164452469609 7.48840428798e-07 1.0973818149e-08
1 0.774275360753 0.225677436881 4.72022546636e-05 1.1111385988e-10 6.598291911e-15
1 0.984755864879 0.0152441279435 7.17722505103e-09 2.2163783556e-13 5.97672142507e-17
1 0.00239840301627 0.326040796616 0.615483216669 0.0559160420163 0.000161541682776
1 0.61165914986 0.383794183656 0.00381327842721 0.000699750178127 3.3637878832e-05
1 0.3030213137 0.696970458559 8.22774133558e-06 8.22094351123e-22 1.54873945982e-28
1 0.0433796913348 0.650451803433 0.293862791903 0.0110281019021 0.00127761142719
1 0.040888002837 0.902981170682 0.0446597948878 0.0105574964884 0.000913535105219
1 0.135494313791 0.858427601324 0.00602608981332 5.19822562835e-05 1.28157265359e-08
1 0.846932604953 0.147729115703 0.00430490019323 0.00100761362776 2.57655227104e-05
1 0.0649169582776 0.457178958685 0.461141118958 0.0162887974188 0.0004741666606
1 0.170440256239 0.201679275857 0.0829924631283 0.348771242128 0.196116762647
1 0.984550080063 0.0154482857529 1.63298928717e-06 1.19156179133e-09 3.63186160326e-12
1 0.0925039594712 0.588022937952 0.249875256202 0.061771122761 0.00782672361426
1 0.606429534425 0.310001769156 0.0282594498193 0.0547777755584 0.000531471041012
1 0.137652537862 0.862277557376 6.99041917178e-05 5.70662080823e-10 1.22298859472e-13
1 0.999464286416 0.000535713193328 3.90485972104e-10 1.79985054785e-15 1.88160673704e-20
1 0.754075696017 0.231102329346 0.0141220426169 0.000513332341642 0.000186599679141
1 0.999999817349 1.82650714681e-07 8.45287152036e-16 2.73623693464e-21 1.08820759926e-27
1 0.999901515891 9.84465373351e-05 3.75578195737e-08 1.12841284461e-11 2.53320823045e-12
1 0.183575582868 0.812412296988 0.00401058730478 1.49769016514e-06 3.51492182859e-08
1 0.0440463971885 0.866032517878 0.0886064667189 0.00121169818093 0.000102920033942
1 5.42269938051e-09 0.999995122453 4.87212292489e-06 1.58760830464e-12 5.68697139351e-19
1 0.779928550684 0.220071449047 2.6927329117e-10 1.11033677618e-18 7.7528736815e-19
1 0.982573982087 0.017285281169 6.39634347728e-05 7.63599505301e-05 4.13358804731e-07
1 0.776640467943 0.22070034982 0.00265757085165 2.76730598699e-07 1.33465464984e-06
1 0.998086139453 0.00191386054662 9.87681628596e-14 5.84147998726e-27 4.54295281809e-30
1 0.747603464096 0.252373595731 2.29365060147e-05 3.66539335644e-09 2.06930270521e-12
1 0.712425345818 0.216228477921 0.0614883803742 0.0068346056344 0.00302319025269
1 0.688886891288 0.29489437755 0.0137910290168 0.0023913391053 3.63630398628e-05
1 0.999921021606 7.89711613852e-05 7.16690302377e-09 6.54094203986e-11 3.08123276323e-16
1 0.83311511308 0.16682879949 5.60861212513e-05 1.30790618643e-09 1.66161477597e-13
1 0.701465340876 0.228044999227 0.070205927786 0.000271306783705 1.24253271258e-05
1 0.114270084418 0.248872792092 0.636163829199 0.000664625415699 2.86688753893e-05
1 0.0431245652925 0.956600990971 0.000274243994794 1.9961135734e-07 1.30384234975e-10
1 0.536181137907 0.451958419277 0.0117104214089 7.42509467328e-05 7.57704611277e-05
1 0.09762677332 0.816977485906 0.0792152686508 0.00555905470543 0.000621417417284
1 0.999976114725 2.38852599903e-05 1.53506250676e-11 1.210196188e-17 7.00215849702e-20
1 0.953078048564 0.0466761936754 0.000162796689855 8.29226685189e-05 3.84025876505e-08
1 0.742133509209 0.256630238739 0.00113842431235 9.76957211081e-05 1.32018286929e-07
1 0.0770224146588 0.92039190251 0.00257465884475 1.08230851564e-05 2.00901545358e-07
1 6.10581616228e-06 0.983688526588 0.0163053672649 3.30732941659e-10 3.94921295393e-19
1 4.61214610007e-06 0.999805157545 0.000190230304356 4.16153320353e-12 4.41724198048e-16
1 5.49252988262e-07 0.999810559052 0.000188872166635 1.9528719476e-08 4.52448129915e-22
1 0.00448840014436 0.995511597906 1.94998871211e-09 4.28307446692e-19 1.23638239515e-30
1 0.0563274338428 0.943564255324 0.000101476804291 6.82524103582e-06 8.78747179759e-09
1 0.000247657205901 0.997339565216 0.00241268577943 9.17275358279e-08 7.15242974452e-11
1 0.501960624328 0.497864128485 0.000175185701423 6.14700861523e-08 1.55655319535e-11
1 0.00417026576446 0.958265538023 0.0374177669998 0.000146025190499 4.04021743053e-07
1 0.480828461229 0.448099265253 0.0647872825534 0.00628296031606 2.03064872747e-06
1 0.335077199637 0.29792288416 0.365100048884 0.00185146066063 4.84066574231e-05
1 0.000551821976144 0.987953107631 0.011361617289 0.000133362769996 9.03338093715e-08
1 0.0155198440554 0.892945529522 0.0913673881503 0.000166994122618 2.44150034702e-07
1 0.641053906748 0.283167560048 0.0505885053262 0.000883887829448 0.0243061400483
1 0.985801231508 0.0141987516133 1.68783968453e-08 1.0065775757e-14 9.85537612407e-22
1 0.0237285899092 0.414752064926 0.251460264501 0.221472635972 0.0885864446909
1 0.00625212085798 0.978240093637 0.0149320782839 0.000548443292244 2.72639293323e-05
1 0.0015262436653 0.998473756331 3.2567623479e-12 4.57541557492e-20 5.22609279773e-31
1 0.0960831322037 0.218157505524 0.289415234357 0.228503729321 0.167840398595
1 0.0117085071766 0.974423000271 0.00911573162338 0.00404019900821 0.000712561920755
1 0.164941357647 0.0751811242139 0.759571215371 0.000187493020978 0.000118809747345
1 0.993859261758 0.00612222166556 1.85041008906e-05 1.20640142566e-08 4.11049951478e-10
1 0.991656856856 0.00819114567735 0.000150023897444 1.59598554456e-06 3.77583618486e-07
1 0.989557550062 0.0104408078422 1.64203797012e-06 5.79611983637e-11 3.03577342936e-14
1 0.863747230099 0.13625194374 7.98312413912e-07 2.77847698513e-08 6.37008345774e-11
1 0.0697886436497 0.91898031704 0.0112310393067 3.18559313189e-12 1.98205187676e-17
1 0.00374704543211 0.767080508791 0.223459106972 0.00569266187414 2.06769302672e-05
1 0.999914454534 8.55426918538e-05 2.76721873221e-09 6.50076119824e-12 3.80486963264e-16
1 0.988518711383 0.0114812799482 8.6608113396e-09 8.06101057645e-12 8.064490187e-22
1 0.930510897903 0.0169717449797 0.0524651570347 4.17659321883e-05 1.04341504667e-05
1 0.999999984973 1.32443415363e-08 1.77086412343e-09 1.21947893287e-11 4.61838873993e-14
1 0.983264981616 0.0167291268905 5.89145121306e-06 4.18935741654e-11 6.54455591326e-14
1 0.0068337832559 0.993162086932 4.12981125753e-06 6.30958874067e-13 2.51655200424e-21
1 0.999884791913 0.00011520755958 4.87970365117e-10 3.97792779023e-11 1.23113776853e-14
1 0.380310411361 0.461359540628 0.158025950243 0.00029330543039 1.07923380012e-05
1 0.000637819548756 0.997201472557 0.00215570911881 4.99819559266e-06 5.8027150534e-10
1 0.141506495456 0.812052016714 0.0404564592627 0.00493551357197 0.00104951499526
1 0.00887366342723 0.871804576793 0.119307870639 1.38589183507e-05 3.02227282333e-08
1 0.48860486008 0.0216299779791 0.489417929691 0.000339959834196 7.27241574322e-06
1 0.991496234149 0.00849206894176 1.16969087738e-05 2.19252616703e-14 1.60208704552e-19
1 0.908517062815 0.0836809168111 0.00733884577081 0.000459566515859 3.60808722123e-06
1 1.53450312483e-06 0.990753241446 0.00924522310853 9.41952305837e-10 2.01398491165e-17
1 0.919192257133 0.0807500377049 5.77039152022e-05 1.1030502143e-09 1.44271644503e-10
1 0.999288785288 0.000711214444944 2.67267824417e-10 4.25041697632e-18 5.70735600704e-26
1 0.906631571744 0.0933679754541 4.52800162704e-07 1.29007926118e-12 8.17263389233e-15
1 0.928732808455 0.070546660738 0.000684732242499 3.39633622793e-05 1.83520177215e-06
1 0.113955677948 0.877129712589 0.00747211841967 0.00143702750018 5.46354324413e-06
1 0.62079908103 0.36802108572 0.00931054207332 0.00114005838789 0.000729232788551
1 0.0574322455184 0.929050401271 0.0135172553615 9.78491717457e-08 3.10205108502e-14
1 0.667197279775 0.332696499791 0.000106212074013 8.33076144179e-09 2.95701008509e-11
1 5.34635169978e-08 0.999395856533 0.000599419438254 4.67052927579e-06 3.6006847061e-11
1 0.0584512787484 0.397834029259 0.543690967648 2.22591207541e-05 1.46522328662e-06
1 0.89137507425 0.108612549169 1.23765676404e-05 1.04485324786e-11 3.13781417887e-12
1 0.618983017933 0.367908812738 0.0131059019822 1.32595705053e-06 9.41390504964e-07
1 0.982536655294 0.0174633276743 1.70314822335e-08 5.3298239408e-15 4.45483666558e-16
1 0.934837324496 0.0637723701667 0.000646194442442 0.000495209664667 0.00024890123029
1 0.303597792472 0.696401837581 3.68159621923e-07 1.78801728416e-09 4.86780236572e-17
1 0.999990716856 9.28314409268e-06 7.5563574685e-14 1.97730649524e-20 1.09487206367e-23
1 0.0389791198137 0.938840396163 0.0187801296814 0.00339851597719 1.83836477765e-06
1 0.0395949843369 0.95261639784 0.00778858030166 3.72534589407e-08 2.67773076077e-10
1 0.00948549945102 0.352042257308 0.553615981602 0.0813704917426 0.00348576989617
1 0.148613300386 0.735789582643 0.0774910047276 0.0377699857415 0.000336126502695
1 0.0742687222399 0.911293870622 0.0144331208274 4.20314237518e-06 8.31685079461e-08
1 0.000383396010665 0.791999049312 0.202450681389 0.00516681365376 5.96350774794e-08
1 0.0958234139754 0.904151672551 2.49134717169e-05 1.59781572625e-12 6.36899789086e-13
1 0.185921408843 0.814078584374 6.78063655099e-09 3.0025753228e-12 1.52549313575e-17
1 0.12824107593 0.871747427309 1.14959201865e-05 7.96948370883e-10 4.39253530259e-11
1 0.0082997022271 0.991699992586 3.0518687768e-07 3.62441780696e-19 1.93431637889e-24
