1 0.96551803693 0.0164315681619 0.0180309963083 1.92096892573e-05 1.88910532463e-07
1 0.992373310541 0.00762617482333 5.14618763668e-07 1.69688418153e-11 2.02264204224e-14
1 0.982917100207 0.0165432091541 0.000536199336619 2.78093543752e-06 7.1036685466e-07
1 0.26105981414 0.73894018464 1.21930947828e-09 4.35122199241e-17 2.39418963366e-24
1 0.000131569384598 0.999868430605 1.06279615632e-11 4.38372535204e-24 1.6319445016e-34
1 0.195447468465 0.773042812654 0.0314436441372 1.34216447463e-05 5.26530991266e-05
1 0.0043609755866 0.995607360799 3.16625832207e-05 1.03081397904e-09 1.19804283491e-15
1 0.135043122983 0.629950510603 0.160788533975 0.0619018236526 0.0123160087867
1 0.0778497651804 0.921759297378 0.000390855349187 8.20919068698e-08 9.67735190386e-14
1 0.648696333729 0.350571030975 0.000727711101817 4.90756094626e-06 1.66332263532e-08
1 0.377619713888 0.611124224347 0.0112491145236 6.94565172538e-06 1.58944841535e-09
1 0.983973814557 0.0160070108536 1.87664037552e-05 3.49852677827e-07 5.83333592294e-08
1 0.562231849606 0.415126341902 0.0216018869027 0.00100422812774 3.56934613881e-05
1 0.867402183291 0.122315188713 0.0102798464225 2.2703717432e-06 5.11201700386e-07
1 0.840280353949 0.158215881481 0.00146772658603 3.43756638171e-05 1.66232026322e-06
1 0.999999999947 5.26141822802e-11 9.15997486887e-21 1.39994080107e-29 8.70723768198e-33
1 0.96002536194 0.035711438193 0.00395508216174 0.000275780667811 3.23370378806e-05
1 0.00989554702159 0.990086611109 1.7841697879e-05 1.71114909803e-10 1.08567317442e-14
1 0.310459609407 0.688694924974 0.000843709348614 1.70491089566e-06 5.13589745483e-08
1 0.907344609678 0.0467924447314 0.0441312168311 0.00164436866918 8.73600902343e-05
1 0.650532770861 0.316136303864 0.0299915045735 0.00333791518559 1.50551585026e-06
1 0.120210378691 0.872901127522 0.00688373167697 4.75960268885e-06 2.50742026959e-09
1 0.999453568318 0.000546428803114 2.87215580087e-09 6.55860409172e-12 1.799016154e-15
1 0.0177833350103 0.97282111465 0.00937655816407 1.88395576377e-05 1.52618126402e-07
1 0.99850877134 0.00149122865985 1.5448867924e-13 8.45784113031e-24 6.84050841519e-30
1 0.020382092188 0.975494762835 0.00412136293296 1.78185424728e-06 1.89507819651e-10
1 0.999812259841 0.000187740158855 5.23043695226e-13 4.09875652666e-24 9.07104484319e-32
1 0.0716130964576 0.400439576434 0.525896421218 0.00205027594972 6.29940896311e-07
1 0.0008094114177 0.998194575101 0.000991622365677 4.39103285662e-06 8.26596308148e-11
1 8.30108722931e-06 0.90573730094 0.0941795128532 7.48814589587e-05 3.66067407344e-09
1 0.753820792011 0.233970040738 0.0115308361779 0.000630442456022 4.78886170419e-05
1 0.616379061365 0.383351602411 0.000261375024483 7.1914765781e-06 7.69722646942e-07
1 0.753940382045 0.24605466279 4.95512166719e-06 4.33088332844e-11 6.10430434801e-15
1 0.758853639968 0.239720245492 0.00142274757574 3.33341022447e-06 3.35541813821e-08
1 0.00465992938989 0.99530362484 3.64455258308e-05 2.4385276422e-10 7.28532792304e-15
1 0.000190260304645 0.999808414307 1.32538719345e-06 8.39874968067e-13 5.37051849942e-17
1 0.0468826037129 0.93464774038 0.0164892238658 0.00193295406094 4.74779807697e-05
1 0.223835945677 0.353786843653 0.217260246935 0.152080213146 0.0530367505892
1 0.000998946687842 0.998576640875 0.000424412315508 1.21702963814e-10 2.71583667769e-17
1 0.886091856867 0.113841594572 6.65345502107e-05 1.3956431639e-08 5.40252804392e-11
1 0.077969492314 0.922030507686 4.87059125679e-15 2.90303699041e-29 2.87762722403e-41
1 0.0929678287707 0.604197384383 0.301038170191 0.00172696845302 6.9648202606e-05
1 0.232913907744 0.765692838035 0.00139301610365 2.13887396264e-07 2.42293033922e-08
1 0.962698670862 0.0364132659486 0.000887216922681 8.42220771494e-07 4.04636486473e-09
1 0.530372597203 0.469627401171 1.62633789516e-09 4.37973906843e-17 1.2878131286e-23
1 0.999985012087 1.49879134582e-05 1.04387682842e-26 1.43642419068e-45 2.60001464178e-59
1 0.000158889691461 0.999640973016 0.000199606656067 5.30565691366e-07 7.07165322152e-11
1 0.274679291659 0.205013720594 0.339183253331 0.154956911859 0.026166822557
1 4.48535060108e-06 0.65866765186 0.340668383251 0.000659477551419 1.9868130116e-09
1 0.99237015502 0.00762096625099 8.53329258013e-06 3.37198544269e-07 8.23823578625e-09
1 0.0236431645399 0.976282376857 7.44584075357e-05 1.95915856567e-10 6.8656161553e-17
1 0.809230258226 0.189875667438 0.000893554999851 5.17237614761e-07 2.09899632756e-09
1 0.420206220868 0.579343865261 0.000449489851912 4.23998386579e-07 2.04199184114e-11
1 0.975622403931 0.0240972342786 0.000240419364937 3.7139141563e-05 2.80328438478e-06
1 0.993757005188 0.00624093502689 2.05928830791e-06 4.96225022948e-10 1.07505188639e-12
1 0.00416202059907 0.95545092474 0.0403066074917 8.0087355256e-05 3.59813865513e-07
1 0.00775409812442 0.992055196108 0.000190705217565 5.50174437142e-10 2.72021883411e-16
1 0.0454827745217 0.951323930635 0.00303602869158 0.000157167260089 9.8891205768e-08
1 0.280349687818 0.719592636373 5.76735692361e-05 2.23971584823e-09 1.12555672999e-14
1 0.999999880347 1.19652756551e-07 1.00537936371e-15 3.23282768705e-23 7.4159943079e-28
1 0.657040908096 0.342875956115 8.3135014884e-05 7.73817256358e-10 1.15910948238e-15
1 0.984144161895 0.0157984867082 5.68695608882e-05 4.76777865104e-07 5.05840219937e-09
1 0.773203644627 0.208959456243 0.0175304277987 0.000305481085142 9.9024657988e-07
1 0.496657741524 0.354127911821 0.145562728329 0.00359013548913 6.14828368974e-05
1 0.29562374377 0.616112329422 0.0845931424051 0.00359888140788 7.19029947838e-05
1 0.983741796432 0.0162483886314 9.81344594475e-06 1.48989995417e-09 9.74981218141e-13
1 0.639025175108 0.322543579904 0.0343758867491 0.00366874954917 0.000386608689274
1 0.99838943885 0.00160422954101 6.32931564679e-06 2.17112729055e-09 1.2195189208e-10
1 0.959033019982 0.0409284946843 3.84808444109e-05 4.48843870479e-09 5.51277324654e-13
1 0.127753273423 0.841158534976 0.0284150960146 0.00262124236355 5.18532222957e-05
1 0.133407768434 0.866592020249 2.11316390019e-07 5.6234156368e-13 2.62604895381e-17
1 0.000299203812079 0.999568699004 0.00013209715219 3.1765554968e-11 2.28291513652e-16
1 0.5127039663 0.318067443911 0.115071203463 0.0391072232413 0.0150501630847
1 0.0342472443856 0.211495344902 0.456060157328 0.235013060697 0.063184192687
1 0.991121410351 0.00882607317003 5.23084746233e-05 2.07865604979e-07 1.38812734685e-10
1 0.851365909598 0.148539721071 9.43671215557e-05 2.20896787868e-09 6.23679453155e-14
1 0.982805600418 0.0171943994979 8.39325122156e-11 5.7324047842e-20 2.03925961155e-27
1 0.0340723303467 0.965539131362 0.000388537034711 1.25686348053e-09 6.02119040694e-14
1 0.939733581485 0.0565967914496 0.00126733673852 0.000863563839241 0.0015387264881
1 0.980720168515 0.0192732566203 6.57369696695e-06 1.16779115491e-09 1.37220274506e-14
1 0.925394398459 0.0739245386728 0.00066824531137 1.28162971985e-05 1.25972919547e-09
1 0.835271299744 0.16469131765 3.73823990106e-05 2.02704553152e-10 4.40703421407e-12
1 0.0420866716269 0.957913144124 1.84248689095e-07 1.91605128921e-15 7.70579472013e-25
1 0.999997842256 2.15774358305e-06 1.20982064454e-22 4.90725132156e-32 4.24764088081e-44
1 0.76071088993 0.230031510439 0.00869553870775 0.00053024130205 3.18196215473e-05
1 0.000802427330068 0.999183152778 1.44198453142e-05 4.66687252024e-11 1.11838833886e-15
1 0.560289754801 0.439312311705 0.000397670769564 2.62700693431e-07 2.35420863073e-11
1 0.714708097672 0.263320361946 0.0187544421503 0.00281345687372 0.000403641358358
1 0.871941836445 0.123866282502 0.00394702178049 0.000232513493891 1.23457785064e-05
1 0.915728609741 0.0747528819384 0.00894573215391 0.000459281033514 0.000113495132812
1 0.00481782705555 0.98734725207 0.00783153266221 3.30094345933e-06 8.72688331102e-08
1 0.506414384227 0.49320055811 0.00038504538499 1.227754137e-08 5.78957073211e-13
1 0.526979686675 0.434056815279 0.0381908478745 0.000769335188855 3.31498252434e-06
1 0.911322596651 0.0885982694501 7.91265610334e-05 7.33381673106e-09 3.64104706532e-12
1 0.376187515588 0.619577792579 0.00421579893769 1.84730297639e-05 4.19865473661e-07
1 0.86929675173 0.12209538768 0.00827462242328 0.000328235106594 5.0030592119e-06
1 3.77109102771e-06 0.0357846563927 0.957359052462 4.19758121879e-07 0.00685210029578
1 0.00951623109421 0.934901978587 0.0553204708931 0.000260658486201 6.60939863985e-07
1 0.999893078442 0.000106909240853 1.23174731925e-08 4.55504099914e-14 9.89996046622e-17
1 0.0335904960236 0.966407684214 1.81971369257e-06 4.84856552851e-11 2.75114267239e-19
1 0.99979221624 0.000207783570498 1.89925749928e-10 1.0465083278e-15 1.50964173933e-20
1 1.36335543043e-06 0.999998636644 1.33810387692e-13 2.59243681399e-24 3.27829881516e-34
1 0.648755726995 0.287061433395 0.0524393914854 0.0101747781209 0.00156867000374
1 0.993624771432 0.00637522856753 4.63304794022e-21 2.29694070375e-38 4.25841739887e-57
1 0.0893208342909 0.9096073332 0.00107173909782 9.34062796865e-08 4.5884350025e-12
1 0.999035576363 0.000964423637168 1.00835918918e-27 1.76878642731e-49 1.32377035133e-66
1 0.469895397572 0.530104423767 1.78660428043e-07 2.50218713016e-13 3.67696887102e-18
1 0.484565610644 0.515137126419 0.000287347942041 9.91234333772e-06 2.65167239137e-09
1 0.116388052919 0.882538851476 0.000855207346693 0.000217771193707 1.17064217778e-07
1 0.99324435852 0.00675564148016 2.01851990947e-15 2.95067272939e-26 1.64048083979e-35
1 0.742258610846 0.251913151962 0.0051319619524 0.000626484213799 6.97910262242e-05
1 2.73309431896e-05 0.99699572423 0.00297682585148 1.18973435038e-07 1.70839891172e-12
1 0.0917512846598 0.901450752415 0.00673989661812 5.80332091075e-05 3.30984419847e-08
1 0.396945118247 0.435385992315 0.15079942509 0.0162632406063 0.000606223741834
1 0.847509058886 0.152215325504 0.000275036978765 5.78402884154e-07 2.28076055724e-10
1 0.999979492996 2.0505645526e-05 1.35827868409e-09 1.55023002562e-17 5.92758435318e-24
1 0.29196361242 0.665858022783 0.0250245965815 0.0165973978821 0.000556370333674
1 0.875218861335 0.113374546842 0.0109455429291 0.000460856857841 1.92036264546e-07
1 0.0228841688962 0.753129235567 0.218676703035 0.00524305533041 6.6837171588e-05
1 0.999988023222 1.19767781705e-05 2.15128852757e-14 5.97381068532e-19 4.71404212636e-24
1 0.99967574384 0.000324256159975 8.74350509754e-19 7.83499599706e-37 9.57420907008e-56
1 0.135717904125 0.757867956112 0.0900388825739 0.0161591565874 0.000216100601938
1 0.297563987861 0.453506525213 0.238794280361 0.00977686141964 0.000358345145904
1 0.931851567048 0.0678641439747 0.0002842405911 4.82239185236e-08 1.61842552148e-10
1 0.986294116152 0.0136891096813 1.67695477366e-05 4.60987555208e-09 9.17888433887e-12
1 0.552335992128 0.446218775473 0.00144188144877 3.34784190464e-06 3.10843939753e-09
1 0.999830521601 0.000169450762573 2.7634470772e-08 2.16560401673e-12 8.23303560201e-16
1 0.420673747835 0.570104529836 0.00921728238501 4.43004353723e-06 9.90021354246e-09
1 0.272836211761 0.477714699043 0.228592763524 0.0205059204812 0.000350405190161
1 0.999964221892 3.57781078594e-05 4.84552318797e-15 4.79514443115e-23 5.83108465937e-29
1 0.882202305704 0.117797694294 1.84217826337e-12 3.16893400281e-23 3.06309463369e-32
1 0.121122943563 0.878496090395 0.000380817506852 1.44954401627e-07 3.58081524026e-09
1 0.997973476368 0.00202643771531 8.59129831809e-08 3.73883546884e-12 9.18081855057e-14
1 0.0380450800532 0.949502384821 0.0123735015739 7.86870917747e-05 3.46459633758e-07
1 0.118911856529 0.452352816594 0.265990743623 0.145745867907 0.016998715347
1 0.999063969814 0.00093599418622 3.59828917148e-08 1.70544293766e-11 2.03159335707e-14
1 0.411282510475 0.577877370904 0.0106947758485 0.000138991003402 6.35176843197e-06
1 0.483899183747 0.509332370729 0.00674253053658 2.48918749365e-05 1.02311188365e-06
1 0.534768401069 0.458586457706 0.00663960008372 5.5371484775e-06 3.99264393072e-09
1 0.984183062115 0.0149338113099 0.000565446571553 0.0001558754591 0.000161804544316
1 0.00412429937042 0.993983325356 0.00189235271609 2.25570609375e-08 3.82060960638e-14
1 0.0852319134664 0.913975702176 0.00079211229499 2.72059195766e-07 3.46235103843e-12
1 0.97463730877 0.0252136400289 0.000147869657633 1.16253673683e-06 1.90062731601e-08
1 0.0444256624926 0.950512689979 0.00505467462378 6.9688343162e-06 4.07068691712e-09
1 0.00634678874612 0.934896199843 0.0577817535826 0.000972124037406 3.13379069707e-06
1 0.99746187059 0.0025172574786 2.06949185156e-05 1.74220754259e-07 2.79187575711e-09
1 0.992668067895 0.00697846415346 0.000317556728468 2.76404644984e-05 8.2707585444e-06
1 0.99871168673 0.0012881077941 2.051351427e-07 3.40527137504e-10 6.59129471609e-13
1 0.99996392525 3.60747482514e-05 1.74049218159e-12 1.69043634691e-17 3.02802975989e-24
1 0.999853285799 0.00014671416916 3.21801565978e-11 7.45346653184e-17 3.00356758766e-20
1 0.980266160283 0.0189335218507 0.000798339503036 1.97315451109e-06 5.20925827127e-09
1 0.998943582976 0.00105634830253 6.87207397041e-08 6.01623784638e-13 6.80694135539e-16
1 0.801312337808 0.198590639751 9.69711681335e-05 5.12504164301e-08 2.26974050925e-11
1 0.999999997502 2.49819817486e-09 1.66123767721e-19 5.85163880449e-27 4.1147059423e-34
1 0.996339531471 0.00364955418678 1.06553504303e-05 2.02670962253e-07 5.63206237746e-08
1 0.530365960573 0.195322449807 0.266414889786 0.00771669677832 0.0001800030553
1 0.999992634528 7.36546945984e-06 2.6486053728e-12 5.94972621381e-26 5.56655082422e-39
1 0.999415096103 0.000583849574126 1.05428315632e-06 3.92502443846e-11 1.10718860509e-13
1 0.982010952609 0.0176298163772 0.000358405915217 8.1788955522e-07 7.20904368934e-09
1 0.999911549895 8.84500031977e-05 9.21706775254e-11 9.13304960064e-12 3.22037044198e-15
1 0.47131293368 0.232080466376 0.229497427469 0.0432517532796 0.0238574191958
1 0.405446845242 0.328790108387 0.223826077245 0.0381519183492 0.00378505077586
1 0.902889205867 0.0870968045706 0.00933617366454 0.000663277632323 1.45382654412e-05
1 0.932148933215 0.0673399756307 0.000372285009536 9.58891087205e-05 4.29170365471e-05
1 0.0178519193959 0.972355936183 0.0097556008496 2.68664311898e-05 9.67713986756e-06
1 0.998294459362 0.00170542996262 1.10675328629e-07 2.97480220929e-13 7.32478536661e-16
1 0.988867624628 0.0111288808402 3.49320690291e-06 1.32496034394e-09 1.62631796108e-14
1 0.999982125251 1.78607702223e-05 1.39787280519e-08 5.52112056223e-15 4.50193104363e-17
1 0.963180376765 0.0368189955921 6.27538337163e-07 1.0446067755e-10 5.4494175885e-13
1 0.987996344807 0.0120023520589 1.30313082371e-06 3.08565382802e-12 6.05195479201e-15
1 0.999998934935 1.0650654398e-06 8.38036128928e-22 7.64763079163e-33 2.75227641483e-42
1 0.148121290976 0.721122542181 0.129699075776 0.00105630229972 7.88766602199e-07
1 0.455155979574 0.541099226192 0.00373482370611 8.18817739327e-06 1.78234977135e-06
1 0.971147193266 0.0274657954588 0.0012637440322 0.000114652219986 8.61502271461e-06
1 0.908279004202 0.0917147973859 6.19798647265e-06 4.25615782549e-10 1.22231341275e-13
1 0.999990960442 9.03240050106e-06 7.15647594713e-09 1.37632335815e-12 4.07374577115e-15
1 0.975271118386 0.0247282636982 6.17221518524e-07 6.90830493815e-10 3.28622134705e-12
1 0.137139831522 0.283694159813 0.253890416042 0.235883089445 0.0893925031785
1 0.960128717154 0.0396788395093 0.000192109966382 3.33353355783e-07 1.69818970305e-11
1 0.396977044665 0.509560990039 0.0686288598202 0.0182435213191 0.00658958415735
1 0.0348499794907 0.965149999511 2.09982949929e-08 2.17517734012e-20 2.16291902793e-32
1 0.999895737048 0.000104262951978 2.28447083743e-15 9.29535061318e-24 8.29293836365e-35
1 0.97821678444 0.0211829836769 0.00059681803077 3.27063326928e-06 1.4321937466e-07
1 0.705456727282 0.276102310556 0.0180355985427 0.000375584767116 2.97788522943e-05
1 0.888736652219 0.106032682377 0.00237963330893 0.00273288440621 0.000118147689631
1 0.0125463560577 0.987036664408 0.000416968323644 1.12104069431e-08 2.66486117897e-13
1 0.626150025623 0.372776206548 0.00107276308911 9.97015279825e-07 7.725132223e-09
1 0.715097752515 0.281879086689 0.00301289266456 1.01329632414e-05 1.35168409942e-07
1 1.52208689756e-05 0.999984779122 8.57587901553e-12 4.69665493073e-24 9.99667628286e-35
1 0.209994927566 0.789414300574 0.000590724140382 4.7642283648e-08 7.74398648968e-11
1 0.124610440911 0.875303621547 8.59106597555e-05 2.68772193831e-08 4.92594190042e-12
1 0.878131482818 0.102879336077 0.0173036646578 0.00155338940702 0.000132127039587
1 0.0029939431057 0.763900261728 0.233101978381 3.7964443949e-06 2.03409045001e-08
1 0.70887921253 0.291120755093 3.23764867197e-08 8.00425822243e-13 7.93931624836e-19
1 0.579009969311 0.420941224069 4.87660479746e-05 4.05687728944e-08 3.04571405636e-12
1 0.093819972377 0.90613824657 4.1285956467e-05 4.94262802132e-07 8.3419663323e-10
1 0.562568541097 0.437420535308 1.09235899148e-05 4.12446732626e-12 5.36251694039e-19
1 0.167908292499 0.732373462002 0.0979979292489 0.0016975215481 2.27947016809e-05
1 0.995501400635 0.00449859936478 6.84526536623e-17 1.22979943008e-28 4.00243427667e-40
1 0.36463676096 0.630055772755 0.0052938106915 1.36255100244e-05 3.00827079831e-08
1 0.0538964858174 0.336738399905 0.609334864266 3.02480387241e-05 1.97231905382e-09
1 0.215280588474 0.782480187884 0.00222829760107 1.06900387713e-05 2.36002900691e-07
1 0.133120302947 0.838635194613 0.0282031241636 4.1332676656e-05 4.55995708822e-08
1 0.978901274294 0.0210987257063 2.46202946637e-26 3.37483898404e-47 6.65777304829e-66
1 0.106487395398 0.498283311645 0.343239078197 0.0460993619336 0.00589085282688
1 0.000163221091442 0.999815647773 2.11310146857e-05 1.20922673904e-10 3.35105392641e-17
1 0.62598993104 0.363492880576 0.00971405530836 0.000782990182291 2.01428929482e-05
1 0.0143581567604 0.913555803273 0.0720673205514 1.87187156513e-05 6.99412753578e-10
1 0.950405140625 0.0479300407541 0.00161406990854 3.36567202391e-05 1.70919918341e-05
1 0.332182998763 0.666080936518 0.00173606154564 3.1731460698e-09 1.36969772078e-15
1 0.397834700569 0.5987282276 0.00341997627009 1.70116204022e-05 8.3940665644e-08
1 0.868791877409 0.131207494986 6.27604124137e-07 4.88044952334e-14 6.29377698171e-19
1 0.556589422464 0.434336376518 0.00903282337183 4.05866301238e-05 7.91016081764e-07
1 0.0025940237252 0.982861458598 0.0144923445819 5.21724214066e-05 6.73799793724e-10
1 2.85440670875e-05 0.982181792686 0.0177895129412 1.50305624194e-07 6.23612243349e-14
1 0.0493417487051 0.364797735539 0.495411211648 0.0846998563099 0.00574944779765
1 0.264118854736 0.375558325011 0.197389379015 0.156441829141 0.00649161209699
1 0.035185324887 0.964814091611 5.83502465068e-07 3.20721299149e-14 3.88124192794e-21
1 6.26738044957e-05 0.999937306949 1.92465384207e-08 1.11316510232e-21 1.59892781769e-37
1 0.0344716285676 0.887624753625 0.0722388756893 0.00564064109001 2.41010279413e-05
1 0.000165155090603 0.979480238303 0.0203217787761 3.28277246158e-05 1.05316959056e-10
1 0.0117263897284 0.28225347745 0.674778191498 0.0311237795102 0.000118161813091
1 0.000112975950899 0.996983776218 0.00290324779912 3.22509038557e-11 7.86463725824e-26
1 0.969674580745 0.0303254147299 4.52523646278e-09 4.83042168066e-16 1.93261709665e-25
1 0.999999999317 6.82792935322e-10 4.49130526739e-27 1.24616638967e-40 1.61338891504e-53
1 0.677661129804 0.297256047524 0.0231781251785 0.00190088945808 3.80803526132e-06
1 0.99988618621 0.000113813789837 6.65180531142e-16 2.32622020143e-25 5.53212267008e-37
1 0.99632610699 0.00367389301049 5.95535149451e-15 2.61411751405e-26 6.47385656991e-35
1 0.967368464034 0.0326052046958 2.63173891123e-05 1.13475128345e-08 2.53347130681e-09
1 0.154644973039 0.844320279471 0.00103343128372 1.28482711935e-06 3.13783571716e-08
1 0.331408131907 0.638897778923 0.0296915243443 2.56438814731e-06 4.37956314778e-10
1 0.950483281234 0.0495042425214 1.24762421509e-05 2.32407065968e-12 2.83541071407e-22
1 0.989799796582 0.0102000394259 1.6399039792e-07 1.29765496083e-12 3.95465543391e-17
1 0.908600135317 0.0869194425138 0.00438346212536 9.55120352095e-05 1.4480082607e-06
1 0.00210366821722 0.996373703051 0.00152256445356 6.42777325091e-08 7.59326844548e-14
1 0.0112781011003 0.803226667734 0.174721971458 0.0107689979454 4.26176283757e-06
1 0.992033741914 0.00680134268904 0.00116326293726 9.58772809304e-07 6.93686441583e-07
1 0.82708700802 0.154918545527 0.0131281283145 0.00353238837344 0.00133392976476
1 0.0158278352066 0.973153840126 0.00977883414577 0.000992440843871 0.00024704967757
1 0.215572137215 0.29621088281 0.275724000068 0.155774376831 0.056718603075
1 0.988386877397 0.0116130821182 4.04848578457e-08 5.32599446571e-14 1.20178059022e-19
1 0.996626532412 0.00337346758406 3.93334605393e-12 1.50752720946e-21 4.47684066493e-29
1 0.258516103064 0.733203380035 0.00789497362808 0.000359031501734 2.65117718378e-05
1 0.188166344675 0.811799957911 3.36974136643e-05 6.15583060829e-15 6.39710343395e-22
1 0.0631190760765 0.936516777967 0.000364055129622 9.08105930264e-08 1.6373119919e-11
1 0.002564831737 0.801915515594 0.187594080783 0.0078054234739 0.000120148412684
1 0.437219271595 0.307649884379 0.177182668028 0.0565371593155 0.0214110166822
1 0.013636495892 0.721464926537 0.262051268092 0.00220154616589 0.000645763313124
1 0.601622883001 0.234442692121 0.160685590392 0.00324613588583 2.69860012474e-06
1 0.41505964005 0.423404093882 0.146553218082 0.0145679382318 0.000415109754832
1 0.0461800175499 0.630185724413 0.288648855311 0.034850073396 0.000135329330162
1 0.997564388373 0.00243548003503 1.31585996115e-07 5.59353475847e-12 8.35706003801e-16
1 0.994486226231 0.00261699588004 0.00282104365518 7.29256310086e-05 2.80860236974e-06
1 0.74266453219 0.220158566029 0.0321103428335 0.00447454174728 0.000592017199849
1 0.0428824280169 0.786672366997 0.164639674291 0.00471946636283 0.00108606433204
1 0.0651336147978 0.934866379578 5.62383973204e-09 7.06505497157e-16 1.32045437131e-22
1 1.35937416282e-09 0.999999994753 3.88719030717e-09 5.72431257205e-21 5.38331062336e-33
1 0.0796659942976 0.610682032833 0.228281867177 0.0729487059089 0.0084213997834
1 0.00134220268959 0.998524032353 0.000133764823067 1.3479765066e-10 6.85389767253e-15
1 3.54741930355e-07 0.999999645005 2.53101378352e-10 7.20327232211e-20 1.21383967378e-25
1 0.0703785753862 0.927371475421 0.00224991202005 3.71148814729e-08 5.81376824699e-11
1 0.0394545427782 0.960356628979 0.000187948954951 8.78078178253e-07 1.21013999946e-09
1 0.159496972401 0.839586789878 0.000915641212979 5.96385825212e-07 1.23053458515e-10
1 0.982353283604 0.0176371693885 9.4195371484e-06 1.25983801321e-07 1.48681660175e-09
1 0.99996158629 3.84122752356e-05 1.43506176083e-09 2.85193242555e-15 7.07413430064e-20
1 0.634229995247 0.365285604988 0.000484345954437 5.36349734586e-08 1.75711094139e-10
1 0.30610511937 0.407020861134 0.187290039335 0.0868556379115 0.0127283422497
1 0.076296611177 0.915859829853 0.00765921991448 0.000180596148578 3.74290703495e-06
1 0.0414624596897 0.275201177267 0.61263284712 0.0623334206151 0.00837009530834
1 0.000465104520278 0.993712866144 0.00581562332783 6.4057260895e-06 2.81851102828e-10
1 0.333921483554 0.629655011876 0.0363985266659 2.49284650112e-05 4.94391403154e-08
1 0.00151188703886 0.998488112885 7.64370725067e-11 3.036806093e-20 4.83908704243e-31
1 0.0908896067743 0.897110494845 0.0119721425934 2.770047998e-05 5.53071322187e-08
1 0.454426783204 0.54557321678 1.63483461151e-11 1.1817015356e-20 6.15233366669e-31
1 0.0332367172898 0.963589737305 0.00316354080605 9.99009532926e-06 1.45036330251e-08
1 0.56142629522 0.438563424805 1.02799172109e-05 5.80981064049e-11 3.79946419543e-14
1 0.0949110568136 0.905088943186 7.05423072317e-13 2.00136603906e-27 2.4831900744e-41
1 7.47107198946e-06 0.999928920055 6.36081420473e-05 7.30232093936e-10 3.60433615411e-13
1 0.901138142085 0.0978187512478 0.00103637994435 6.65306754e-06 7.36555426722e-08
1 0.000461534809004 0.99947565825 2.21962622597e-05 4.05964425117e-05 1.42359760236e-08
1 0.999648623077 0.000351376922968 2.48373300346e-21 1.14309131154e-34 2.51648219851e-47
1 0.171904333061 0.817074303912 0.0109843039015 3.69426793386e-05 1.16446387406e-07
1 0.901872092341 0.0970143015294 0.00104831447605 4.90404994241e-05 1.62511544986e-05
1 0.594334395588 0.405314896059 0.000350656496897 5.18534875326e-08 2.76551403908e-12
1 8.50704561686e-06 0.999969631707 2.18612056384e-05 4.17548376995e-11 7.74171030318e-16
1 0.788520611479 0.211479388517 4.39054879999e-12 4.77558761238e-24 2.4491815341e-30
1 0.409387548343 0.573425040367 0.0171710946638 1.62940208839e-05 2.26055257174e-08
1 0.967495748333 0.032503203563 1.04810029779e-06 3.31725702074e-12 5.78745736091e-16
1 0.994111507735 0.00588510687696 3.38504598684e-06 3.39552729426e-10 1.9871443701e-12
1 0.0634679085384 0.912577802766 0.02390906965 4.50355028719e-05 1.83542449164e-07
1 0.404592824499 0.570190134091 0.0243042189172 0.000809586310448 0.000103236182816
1 0.0169355479881 0.913799163678 0.0653030677638 0.00338759690702 0.000574623663079
1 0.312702708382 0.684943509268 0.00235339719169 3.84903757815e-07 2.54997181489e-10
1 0.000636785333008 0.103265983018 0.355649503252 0.492358454131 0.0480892742658
1 0.286865626466 0.713119598419 1.47750038213e-05 1.11347855529e-10 8.14221978106e-16
1 0.932094355943 0.0677048686682 0.000200694221083 8.11479799457e-08 1.92986954304e-11
1 0.12563361266 0.548131558139 0.267843941383 0.0539146183157 0.00447626950289
1 0.000501968486619 0.999357166087 0.000140840698234 2.47268176669e-08 8.26512694487e-13
1 4.92282233553e-05 0.999948938782 1.83299468009e-06 4.42087744579e-13 2.4516281125e-19
1 0.0312254261355 0.823963256667 0.139938618625 0.00482938081326 4.33177594224e-05
1 0.0424494503274 0.631088594958 0.316871296563 0.0093486177521 0.000242040399041
1 6.88678967125e-06 0.999988085563 5.02764080167e-06 6.96995854246e-12 1.38384951989e-15
1 3.48995757225e-06 0.999996509464 5.78356709451e-10 6.54500913684e-19 9.73951168057e-27
1 0.0134681152731 0.986519866743 1.20166298492e-05 1.35379982005e-09 2.93910024753e-16
1 0.475532772944 0.489240900571 0.0350398212859 0.000178500966246 8.00423382586e-06
1 0.978952534392 0.020720785485 0.000318288302876 7.99510146649e-06 3.96718582087e-07
1 0.0428428690822 0.957019752027 0.000137272542801 1.06199340223e-07 1.48993444882e-10
1 0.000415101143082 0.999584468543 4.30313590051e-07 1.87525608818e-15 2.29960840812e-22
1 0.113684332381 0.886315667619 1.35045097342e-14 6.24850234034e-33 1.53335607435e-43
1 0.273804789816 0.725045113827 0.00114833556355 1.75228753362e-06 8.50600954359e-09
1 1.85151063991e-06 0.999899191508 9.89242058484e-05 3.27743123883e-08 8.65879970736e-13
1 0.0963396804326 0.903660319567 1.92594136655e-15 1.15255605639e-35 1.31534688158e-51
1 0.87305588537 0.126938237943 5.864434083e-06 1.18723732246e-08 3.80230442701e-10
1 5.61831407455e-07 0.999998535239 9.02927557211e-07 2.23767270579e-12 3.26233873932e-18
1 0.0900655763712 0.907313409415 0.00261575191795 5.2615625221e-06 7.32925600251e-10
1 0.479449103476 0.520550884561 1.19633137434e-08 1.64015086295e-16 8.64049564375e-23
1 2.30736748962e-09 0.999999997692 6.75549377785e-13 1.10087202474e-30 2.88288115671e-44
1 0.000707630563319 0.999292369437 3.5574494616e-16 1.56650936564e-30 5.49454068397e-42
1 0.0831285777915 0.915534932145 0.00130777527834 2.74073099259e-05 1.30747538608e-06
1 0.897721077661 0.102258875836 2.00093356926e-05 3.70073573705e-08 1.60231871079e-10
1 0.963313752239 0.0366818433364 4.40341598244e-06 1.00802518068e-09 1.33987860023e-13
1 0.0339937191307 0.931308312383 0.0346059209264 9.17598944825e-05 2.87665824913e-07
1 0.051007457397 0.948992536259 6.34373455607e-09 8.74226903362e-17 5.57779654354e-22
1 0.999859996689 0.000140003311077 2.00472965096e-16 1.80436431953e-29 3.19790484905e-33
1 2.19081879151e-05 0.999559588866 0.000417706116877 7.96798738305e-07 3.03706410904e-11
1 0.0939393175258 0.906060682474 3.55463909992e-13 1.26092119967e-26 2.2564231397e-37
1 0.0785974028743 0.921398440722 4.15640265482e-06 9.01564754644e-13 2.21689939655e-16
1 0.344863996228 0.653984674776 0.00115110584119 2.12263096165e-07 1.0891323394e-08
1 3.76672091689e-11 0.999999999924 3.83637119348e-11 3.05664841549e-23 1.45692359531e-30
1 0.000386184267067 0.993138978088 0.00646789546683 6.94199951025e-06 1.78827170306e-10
1 1.2111522209e-06 0.999989412813 9.37603515728e-06 8.93560002892e-14 9.93146393369e-20
1 0.00256119417394 0.997434113328 4.69216878514e-06 3.29617929965e-10 6.65422485366e-15
1 0.00711399349808 0.991991417363 0.000893943207877 6.42318886965e-07 3.61199925869e-09
1 0.0810403264646 0.91895959613 7.74055274231e-08 1.04491441836e-14 4.26450155502e-22
1 0.0303008286872 0.948345831185 0.0199935329296 0.00135608394163 3.72325694382e-06
1 0.986855975564 0.0131400823289 3.93930952745e-06 2.78397624896e-09 1.40322416476e-11
1 1.65339482634e-06 0.883466645755 0.116531695347 5.50333609735e-09 1.36122316564e-18
1 0.0345588939776 0.965441104081 1.94089041915e-09 1.67998694885e-18 2.34993122265e-26
1 0.0196996567894 0.972514235995 0.00775528063358 3.0814490133e-05 1.20923241273e-08
1 0.999633294575 0.000366705425488 2.25294129113e-16 2.97571331367e-28 9.52763796678e-38
1 0.875794029004 0.121565201179 0.00254208841027 9.2936635628e-05 5.74477137696e-06
1 0.0245629248606 0.975437075135 4.51862758536e-12 5.93095198076e-23 2.08833370128e-35
1 0.800986303598 0.195164490327 0.00357847338498 0.000268330048975 2.40264038962e-06
1 0.123498364834 0.639196237608 0.235692332307 0.00161282897358 2.36277690534e-07
1 0.0997594188294 0.819758332058 0.0730242955784 0.00745521850625 2.73502760292e-06
1 0.000679209049612 0.999171364394 0.000149148422132 2.78134146593e-07 4.36732015604e-13
1 0.479687573473 0.510625739235 0.00968555589684 1.13137778661e-06 1.64557563353e-11
1 0.924392526789 0.0756073030394 1.70171592448e-07 3.5684161538e-15 2.4536334191e-21
1 0.00816815856767 0.987371596771 0.00445273721641 7.50709396426e-06 3.51175697353e-10
1 0.596316216872 0.325267128867 0.065378993129 0.013007395526 3.02656064605e-05
1 0.936190323815 0.0638096065732 6.96118507571e-08 1.74391058279e-14 1.90670941932e-25
1 0.350745966915 0.649253959419 7.36658501779e-08 4.53545968149e-15 6.62100773671e-22
1 0.794485901485 0.205514030165 6.83506844282e-08 4.80701018273e-17 4.02296069285e-24
1 0.230441112257 0.767252385043 0.00230608516281 4.14212270906e-07 3.32471406073e-09
1 9.11387026141e-05 0.997023022952 0.00288583627554 2.07007155562e-09 6.85709966444e-18
1 0.0975922400836 0.874861960569 0.0265317413566 0.0010140033 5.46909400599e-08
1 0.0017688615454 0.998231135879 2.57535158519e-09 6.00682759413e-18 4.7184663776e-29
1 0.261414007693 0.423224294382 0.172817244735 0.121237398091 0.021307055099
1 0.994718602576 0.00528045729202 9.40042168426e-07 9.00314086203e-11 3.82667707211e-14
1 0.735255520118 0.242547921114 0.0216024581945 0.000571408174502 2.26923989931e-05
1 0.984965579866 0.0150328780262 1.541053756e-06 1.05360480176e-09 4.52369797042e-13
1 0.0411717557776 0.163058366096 0.725551029393 0.0699109126756 0.000307936058185
1 0.0139785010499 0.985943821938 7.76768504349e-05 1.61308488852e-10 4.95208902263e-15
1 0.717686453543 0.268890129612 0.0131988857032 0.000221985408801 2.54573239154e-06
1 0.0360420291093 0.96395797008 8.10865886708e-10 3.26321810945e-21 9.39230627509e-33
1 0.0666083329653 0.929158350139 0.00411011024187 0.000123177518359 2.91353990236e-08
1 0.564111621335 0.282232426704 0.104674437772 0.031437654539 0.0175438596491
1 0.970189396519 0.0298105837764 1.97047205704e-08 1.57443623669e-15 4.03297503416e-24
1 0.898443244545 0.101061797815 0.000494758755685 1.98713592995e-07 1.70849657898e-10
1 0.996291177987 0.00370876303171 5.89794310475e-08 1.81689527731e-12 1.16335329085e-16
1 0.848358697487 0.145871530958 0.00542645992613 0.000337031960693 6.27966779198e-06
1 0.968981672529 0.0310178311667 4.96269224111e-07 3.51222510332e-11 7.49222845613e-14
1 0.966081687985 0.033918309775 2.24015368951e-09 4.59858188557e-16 1.21430216337e-22
1 0.482278297716 0.458038060317 0.0592258173095 0.000443649137402 1.41755200011e-05
1 0.45276577167 0.371733103226 0.130990373655 0.0326600568295 0.01185069462
1 0.666434837405 0.332929480703 0.00063293039087 2.72030250605e-06 3.11987972137e-08
1 3.50234660157e-05 0.997880427968 0.00208453864578 9.91843018514e-09 2.09986004559e-12
1 0.0437921196222 0.956207880378 2.22270183023e-14 3.85027183309e-27 1.83577115845e-33
1 0.565363626175 0.434598227078 3.81451813447e-05 1.56559276786e-09 1.49537882823e-14
1 0.988727552437 0.0112724238597 2.36969412116e-08 5.88887165314e-12 3.38835484539e-14
1 0.999999532364 4.67635718808e-07 8.26591643556e-17 5.23340998979e-25 6.93824967822e-32
1 0.999999645812 3.54187894849e-07 3.88365575486e-14 2.49357190595e-21 1.84234943573e-24
1 0.312975610848 0.299310469708 0.239067064785 0.100589633258 0.048057221401
1 4.22101392711e-07 0.999999576842 1.0565505664e-09 1.50353744227e-19 6.47220940299e-39
1 0.0997693034046 0.899998779981 0.000231858219467 5.83305429109e-08 6.47579771573e-11
1 0.0654983231833 0.934501676809 7.25142578733e-12 1.36778419794e-21 2.87362476015e-29
1 0.781153603077 0.218846237077 1.59845479619e-07 1.38236440974e-13 1.18303259042e-16
1 0.999971336626 2.86633737394e-05 2.89523262371e-14 1.02843038493e-20 5.33710890498e-27
1 0.00938188648077 0.990598345025 1.97684916277e-05 2.59255543028e-12 5.37667778544e-18
1 0.975087062616 0.0247235416793 0.000186806626708 2.46447380055e-06 1.24603728658e-07
1 0.0184138903659 0.960409355279 0.0209734635067 0.000194413060641 8.87778743685e-06
1 0.977841665417 0.0221583344885 9.42147669396e-11 8.19225515306e-19 2.70264146166e-25
1 1.13305391779e-08 0.994202103954 0.0057967913681 1.09334698358e-06 3.97282950802e-14
1 0.0558867209027 0.944113226607 5.24905357593e-08 1.19672312908e-16 2.239723931e-28
1 0.999453260968 0.000546739025276 6.5095591955e-12 2.33508072726e-18 4.73521212976e-23
1 0.920678702156 0.0792953694051 2.59196999721e-05 8.72654341223e-09 1.2262388427e-11
1 0.682906131155 0.291334456188 0.0239985238808 0.00149657373584 0.000264315040933
1 0.00208073743011 0.997874097582 4.51646783021e-05 3.095945907e-10 1.09999756497e-18
1 0.931067279481 0.0689069419224 2.57785784354e-05 1.77638016519e-11 1.21801132066e-14
1 0.10312701614 0.896838550411 3.44334123187e-05 3.70850953241e-11 2.73858227253e-16
1 0.43095063233 0.378825104524 0.176017513088 0.0129039031777 0.00130284688088
1 0.933633000308 0.0600040713978 0.00579088395409 0.000499581205985 7.24631337625e-05
1 0.834524458023 0.165453347495 2.21942437279e-05 2.3876013311e-10 9.16257486666e-17
1 0.769131229964 0.22170614771 0.00912938719791 3.31443781191e-05 9.0749185412e-08
1 0.953934799885 0.0457742568705 0.000290943240394 3.76857802279e-12 2.72466694406e-20
1 0.000226712287329 0.929063475944 0.0707097385898 7.31792391506e-08 6.36974981824e-15
1 0.466292078301 0.533707001953 9.19746921183e-07 2.70467622693e-18 4.46937107423e-29
1 0.375985304085 0.624013286269 1.40964486144e-06 9.0892384254e-13 5.03993737118e-20
1 0.980740590345 0.019259409379 2.7571603518e-10 3.58029235405e-21 1.21427807094e-31
1 0.0152430848821 0.177933417388 0.727227628536 0.079199207429 0.000396661764571
1 0.00847592474463 0.991523916743 1.58512550737e-07 2.43530109119e-20 5.90331405664e-32
1 0.739173855646 0.256312388611 0.00450081580489 1.28991332351e-05 4.08049961967e-08
1 0.687542795407 0.312305296986 0.000151900903267 6.67327687287e-09 3.02692426488e-11
1 0.902669724715 0.0971579508004 0.000172320617506 3.61859440559e-09 2.48753205614e-10
1 0.999982862883 1.71371171534e-05 3.05796347693e-18 2.70295360457e-31 2.10179849838e-43
1 0.783004207281 0.18771561208 0.0256261461734 0.00208990565238 0.00156412881334
1 0.999965938727 3.39871589287e-05 7.4114343943e-08 5.25129834617e-14 1.58222723885e-17
1 0.808588968 0.169260613545 0.0142220596664 0.00657139464383 0.00135696414544
1 0.735332845511 0.258083320137 0.0063487109215 0.000211236843179 2.38865869499e-05
1 0.00118444057421 0.99829218223 0.000522336583672 1.03744782067e-06 3.16404068644e-09
1 0.4368436204 0.557779910793 0.00528796879198 7.67898139131e-05 1.171020156e-05
1 0.60273225811 0.339514250113 0.0231466151022 0.0250348156152 0.00957206105902
1 0.290846001955 0.665750750618 0.0415250768352 0.00136145671548 0.00051671387612
1 0.313406697715 0.44194693166 0.174701100279 0.0597233421755 0.0102219281698
1 9.0282543819e-05 0.994737245712 0.00517247162445 1.20030779479e-10 1.2608770747e-20
1 0.983690354389 0.0163096456113 5.56396033462e-16 7.2558594213e-30 1.6558215295e-37
1 0.018142969471 0.975800860494 0.00605060626566 5.56028849095e-06 3.4804111992e-09
1 0.000775808722326 0.994072077988 0.00515116587656 9.47317998021e-07 9.49945640495e-11
1 0.742367530313 0.257632469635 5.26095253756e-11 1.26734693451e-19 4.5142228666e-27
1 0.543898055974 0.425882245022 0.0298348695144 0.00037156237126 1.32671183273e-05
1 0.973067249681 0.0269326926559 5.76525455243e-08 1.00242844949e-11 1.68407585818e-16
1 0.00511002413807 0.989049334969 0.0058378184107 2.81750879952e-06 4.97296605026e-09
1 0.951534095896 0.0484658999243 4.17908467292e-09 3.35317669266e-13 1.18098610271e-19
1 0.725247643199 0.272886871218 0.00183695560609 2.75723262174e-05 9.57650695081e-07
1 0.74653793794 0.231693362386 0.0204229254517 0.00131705836167 2.87158611777e-05
1 0.766797632929 0.233196126904 6.24013841512e-06 2.91604237311e-11 6.14547115918e-16
1 0.0437549248854 0.956209382925 3.47867874359e-05 9.05256676926e-07 1.45868460271e-10
1 0.0287933882126 0.963398905303 0.00771473762708 8.26328781848e-05 1.03359786187e-05
1 0.85366632965 0.140715749683 0.00512605293815 0.000451474616221 4.03931124854e-05
1 0.0267105952613 0.971999311159 0.00128986024293 2.29390218658e-07 3.94695485539e-09
1 0.307544557003 0.692448767979 6.67452115618e-06 3.13118195291e-10 1.83815457038e-10
1 0.487253184337 0.49400441884 0.0179187198984 0.000818420317582 5.25660674394e-06
1 0.793657057679 0.206341678767 1.2635242558e-06 2.92635843464e-11 7.27310804192e-17
1 0.0242715482442 0.970034966049 0.00567048843323 2.2975735922e-05 2.15379395324e-08
1 0.0184975201783 0.981501652182 8.27617867439e-07 2.16395037088e-11 3.93479105351e-18
1 0.292436976632 0.669090441838 0.0332949514537 0.00458990357838 0.000587726497716
1 0.000582192165323 0.995754832559 0.00365895722785 4.0178963071e-06 1.5168358495e-10
1 0.996746311364 0.00325364279167 4.58368924425e-08 7.49693385601e-12 7.09458939438e-15
1 0.217240041252 0.782759736901 2.2184615028e-07 5.38443783777e-13 1.45223355761e-16
1 0.997638973057 0.00236100661797 2.03248175723e-08 2.37542136327e-13 1.08549755618e-17
1 0.654145003972 0.341719826278 0.00404419444618 8.67666911649e-05 4.20861259663e-06
1 0.992545212605 0.00745478729368 1.01346864326e-10 8.81188993764e-23 1.17564967454e-31
1 0.618661149479 0.316502550008 0.0563444789009 0.00549861956382 0.00299320204792
1 0.000437045329657 0.999503086173 5.98684715048e-05 2.61807463997e-11 3.3620634179e-17
1 0.394249039772 0.605748118587 2.84163958634e-06 1.12951161308e-12 4.85193056186e-18
1 0.055281520789 0.936645342308 0.0080724825728 6.53562520586e-07 7.67464628143e-10
1 0.565039840811 0.36657197828 0.0601788092297 0.0072092447874 0.00100012689216
1 0.0118054573837 0.988194514525 2.80913404213e-08 9.34606609274e-16 1.49725873549e-22
1 0.00402338587309 0.848836095867 0.144985852578 0.00215464810682 1.75747656584e-08
1 0.999967888548 3.21114519716e-05 8.90353900372e-19 1.96942693632e-31 5.35740257732e-39
1 0.999999999697 3.02686261175e-10 1.21229496413e-26 3.04265831249e-41 1.19973990637e-52
1 0.870553811889 0.127201016393 0.00215259517334 8.26177530116e-05 9.95879124412e-06
1 0.523010800306 0.408957990981 0.0671735207069 0.000847366266547 1.03217396049e-05
1 0.70726905747 0.285328092797 0.00735283022024 4.94514823736e-05 5.68030289263e-07
1 0.986237126349 0.0131222214971 0.000640280061396 3.66890688906e-07 5.20144837308e-09
1 0.999477083036 0.000522916959269 5.21443688869e-12 2.82700164953e-17 6.79723202327e-20
1 0.873281974256 0.126716291063 1.73468105351e-06 3.93965524605e-15 4.30505229276e-21
1 0.00305365496246 0.993089228729 0.00385695041639 1.65868378167e-07 2.38906711478e-11
