1 0.695920591119 0.22879770853 0.057085863414 0.0173233171394 0.000872519797968
1 0.378470665971 0.59870690397 0.0217108042159 0.00107022905555 4.1396787166e-05
1 0.999999867642 1.32357825121e-07 7.74389999982e-20 3.0794635146e-25 9.63183300708e-32
1 0.997025496783 0.0029744820897 2.10330534739e-08 9.37810778743e-11 1.21321959111e-14
1 0.999596272043 0.000403727956895 4.07931062951e-13 7.62789284082e-21 1.41305081987e-27
1 0.997145788492 0.00284605876691 8.14764454259e-06 5.09608410506e-09 7.32392959743e-13
1 0.941639295621 0.058360578495 1.25883266286e-07 7.73519991934e-13 1.47285196516e-16
1 0.143927884762 0.856004888554 6.68907628777e-05 3.35665048749e-07 2.55715024619e-10
1 0.00805974903144 0.991546853044 0.000393397317026 6.0751333396e-10 1.00036456579e-14
1 0.556627059979 0.443369924152 3.01575397417e-06 1.14976334452e-10 1.06578714158e-20
1 3.85266344285e-05 0.999880652866 8.08042620595e-05 1.62379069394e-08 7.1559145465e-15
1 0.000240870247572 0.842163284134 0.157238218853 0.000343006595729 1.4620169706e-05
1 0.0124478561444 0.938991901288 0.0469804767587 0.00138235906865 0.000197406739853
1 0.996588282418 0.00341171736332 2.18250273943e-10 4.30410797443e-17 8.65656698728e-22
1 0.000814050256826 0.997857497875 0.00132834797946 7.10075648528e-08 3.28807232516e-08
1 0.107687803814 0.828151751723 0.0351791204329 0.0288743072888 0.000107016740959
1 0.12095341514 0.674587682797 0.100968018855 0.0842543374423 0.0192365457657
1 0.0446452831727 0.85028708381 0.104326907677 0.000729567608377 1.11577317413e-05
1 2.38318886602e-05 0.95784398205 0.0421272647319 4.92132964726e-06 1.78855449334e-15
1 0.256264934257 0.74373506562 1.22804937854e-10 8.02899617857e-22 3.71693272427e-30
1 4.93011747981e-06 0.00171575382623 0.998063148347 0.000216165360477 2.34911629758e-09
1 0.873669318301 0.123557992142 0.00225568474242 0.000516701129064 3.03685627791e-07
1 2.31427300351e-07 0.999654226596 0.000345541947029 2.92891238827e-11 1.06885409812e-17
1 7.59527349438e-05 0.998470773644 0.001453245186 2.84345390165e-08 7.11742747114e-14
1 0.0418473779058 0.94808958287 0.00992530376862 0.000137717405218 1.80504141983e-08
1 0.99558307653 0.0044164798569 4.42694244726e-07 9.17576026691e-10 1.15095973398e-12
1 0.428478962153 0.571520453747 5.84098741101e-07 1.1304081786e-12 3.45292496461e-20
1 0.000825067928887 0.999174931234 8.36899530127e-10 3.5054180972e-16 2.94928962348e-26
1 0.589125421491 0.410863249448 1.13269603154e-05 2.10023652912e-09 1.89808887961e-15
1 0.21284960942 0.776520022239 0.0106292724235 1.09574661215e-06 1.71933493118e-10
1 0.6575626003 0.255812335897 0.0590950527704 0.0181296995211 0.00940031151161
1 0.266413282601 0.403942636437 0.244164827636 0.0738070673425 0.011672185983
1 0.431153913416 0.56880270189 4.32878060116e-05 9.68817418192e-08 6.47177137436e-12
1 0.999684620723 0.000315379274042 3.17060284957e-12 3.06891349497e-21 3.37746685782e-33
1 0.00380314722554 0.996196852774 3.30180870155e-18 2.40460010974e-36 1.4871827295e-59
1 0.994788823007 0.00521108687245 9.01207923794e-08 7.34406952153e-20 1.85173389893e-26
1 0.267679370095 0.708667367515 0.0214164509793 0.0019230257419 0.000313785669202
1 0.999970406276 2.95937229759e-05 8.14992690719e-13 1.80302273202e-17 1.76096584526e-24
1 0.880560980885 0.119428393199 1.06247205817e-05 1.1933577617e-09 1.50885577059e-12
1 0.369024856597 0.342256214149 0.124282982792 0.0783938814532 0.0860420650096
1 0.634818888205 0.364812042506 0.000367796556871 1.2342431918e-06 3.84890747842e-08
1 0.712198034967 0.287721760903 7.98713975457e-05 3.32707710058e-07 2.50793376571e-11
1 0.999990849424 9.15057567288e-06 3.83156233419e-15 1.27996695568e-22 2.82845343994e-26
1 0.999986378123 1.36218774418e-05 1.10876941999e-20 8.14385540642e-33 2.75826869829e-54
1 0.000282987794829 0.984853436021 0.0147726511306 9.09237941967e-05 1.25920294957e-09
1 0.0580924719058 0.941051378795 0.000855530968016 6.1820220246e-07 1.29417186058e-10
1 0.0225397563061 0.976293636127 0.0011585211522 8.08127516301e-06 5.13981054053e-09
1 0.860296766816 0.139677114672 2.61124230561e-05 6.07668256276e-09 1.23651786785e-11
1 0.99998413566 1.58643399172e-05 8.03994724999e-23 6.99941617554e-39 1.86936553947e-57
1 0.00738156209324 0.991399912207 0.00121852345601 2.24391862379e-09 8.23844923149e-15
1 0.0110438965837 0.866612392328 0.117808079844 0.00451105975635 2.45714881901e-05
1 0.572853238529 0.420115793628 0.00697643550203 5.16273508359e-05 2.90499037417e-06
1 0.453615925597 0.0695017630816 0.442035876357 0.032105946168 0.00274048879601
1 0.0379508339623 0.454013548951 0.0478164478057 0.317128486885 0.143090682396
1 0.50478940772 0.457816962345 0.0363380139945 0.000968500173341 8.71157666095e-05
1 0.998420412085 0.00157547170704 4.10395261499e-06 1.22485736679e-08 6.37571347873e-12
1 0.987852403414 0.0121409250162 6.67156163188e-06 8.45066764721e-12 1.66623331982e-16
1 0.999984306804 1.56931960577e-05 1.00794998908e-14 1.00081592632e-22 8.03426539597e-29
1 0.302949362636 0.696923476791 0.000123946973264 3.21328751072e-06 3.12054815399e-10
1 0.59417399835 0.405822195119 3.80652046543e-06 1.01220538346e-11 4.59903660016e-19
1 0.0835397603064 0.812941965398 0.0962356913205 0.00692271062649 0.000359872348458
1 0.00886026334435 0.92845159687 0.0586715071187 0.00398407970786 3.25529589282e-05
1 0.994464327198 0.00553567062787 2.17391760334e-09 8.29190760298e-14 6.02642725092e-18
1 0.74631157181 0.253688330122 9.80661858535e-08 2.13584813326e-12 2.15536253516e-20
1 0.055575846214 0.942486031114 0.00193117815582 6.91274559976e-06 3.17704879879e-08
1 0.983412527633 0.0165874696065 2.76007007844e-09 1.55908138249e-16 1.52122462242e-24
1 0.121555244419 0.550765210145 0.212430034641 0.089800979166 0.0254485316293
1 0.998228786283 0.00177103368967 1.78972309095e-07 1.05468078279e-09 4.1133811352e-13
1 0.607467215316 0.392221744804 0.000310998411229 4.1440319522e-08 2.86996029623e-11
1 0.219480986176 0.780135269593 0.000333105461531 5.04091197941e-05 2.29650525236e-07
1 0.997127215243 0.00286748423291 5.28020527769e-06 1.99852644021e-08 3.33201780519e-10
1 0.991851518721 0.00814837190942 1.09362617978e-07 6.62339250551e-12 1.39110703241e-21
1 0.397054310737 0.57087945361 0.032013375484 5.28559769178e-05 4.19184124547e-09
1 0.999974717122 2.52828775091e-05 3.10234225471e-14 8.19787456513e-23 2.70949241836e-33
1 0.986674023729 0.0133258643453 1.11526732749e-07 3.98303245196e-10 2.79448535498e-13
1 0.281905270339 0.718053964403 4.07038219131e-05 6.1433584725e-08 2.70162267213e-12
1 0.586477877863 0.413490131374 3.19849618093e-05 5.80146612411e-09 1.02502824204e-14
1 0.949560522814 0.0499617600314 0.000472982699282 4.61442884936e-06 1.20026481285e-07
1 0.90006397318 0.0998551165247 8.08973582365e-05 1.27322310347e-08 2.04923987281e-10
1 0.850981724248 0.149009723207 8.11801256887e-06 4.31955250788e-07 2.57677444144e-09
1 0.490580196396 0.495189377547 0.0105636357585 0.00340046057998 0.000266329718107
1 0.662072960415 0.333590282692 0.00433413143543 2.61612816805e-06 9.32964866467e-09
1 0.571158394454 0.347281823175 0.076670436157 0.0045083259878 0.000381020226058
1 0.031495964543 0.313918333177 0.463592560963 0.170244386332 0.0207487549851
1 0.999999609697 3.90302965596e-07 9.21475813593e-16 2.50665367846e-28 3.0451721316e-34
1 0.996691160257 0.00330668132486 2.15697092661e-06 1.12747133193e-09 3.20219983553e-10
1 0.999923995041 7.60049368424e-05 2.22000778501e-11 4.27872791143e-18 3.47621989547e-22
1 0.0351607695586 0.763494077958 0.169504884393 0.0286447637818 0.00319550430836
1 0.955069642061 0.0449301160404 2.4147833775e-07 4.20171654847e-10 3.65397804996e-16
1 0.997468761955 0.00253123769244 3.52954938308e-10 1.04046098322e-19 1.08867769475e-29
1 0.730839188223 0.256005376375 0.013151653287 3.68006400943e-06 1.0205090936e-07
1 0.415619203429 0.570242869856 0.0139859370659 0.000145154944015 6.83470475727e-06
1 0.0846430317453 0.575907230338 0.338785542185 0.000661134204049 3.06152709717e-06
1 0.98841728506 0.0115813081776 1.40595724154e-06 8.04551290577e-10 5.96139157139e-13
1 0.555458740422 0.435418960301 0.0090553208639 6.69222685753e-05 5.61448666412e-08
1 0.0597469489285 0.888429505373 0.0516772112811 0.000146149948233 1.84469202318e-07
1 1.89478215324e-07 0.945584850307 0.054414872567 8.76475549299e-08 7.03033939387e-14
1 0.999813480876 0.000186519120564 3.5062955943e-12 1.23519534386e-22 1.98151718544e-29
1 0.715103727608 0.266827876238 0.0176369503118 0.00041852764387 1.29181983042e-05
1 0.0150152901179 0.984984546733 1.63149274086e-07 1.198942949e-14 3.87509732037e-23
1 0.41280214458 0.181485291476 0.145730901387 0.153081410068 0.106900252489
1 0.157798633069 0.776077449218 0.0659132635594 0.00019844200411 1.2212149542e-05
1 0.00199086812747 0.994885290027 0.00312325287704 5.80989444518e-07 7.97871966084e-09
1 0.79556716268 0.204416731841 1.5974171224e-05 1.31231297571e-07 7.63341110499e-11
1 0.021659788616 0.653314140293 0.295880615415 0.0272258281277 0.00191962754812
1 0.077303728343 0.91240712001 0.0102642047375 2.45673421863e-05 3.7956782273e-07
1 0.00477681833967 0.990380106386 0.0047465869332 9.55299075947e-05 9.5843360354e-07
1 0.420565026294 0.57943056435 4.40911693841e-06 2.39699477158e-10 5.20402889227e-14
1 0.625659058922 0.374009436708 0.000318119421139 1.33577794918e-05 2.71683809606e-08
1 0.82096746737 0.0451530751229 0.0739406531008 0.0513244815001 0.0086143229067
1 0.0614553914163 0.854060236488 0.0791907604826 0.00529001740002 3.59421336978e-06
1 0.645847993234 0.333190382371 0.0113265408609 0.00960423454623 3.08489884401e-05
1 0.499890431799 0.441213415028 0.058384419922 0.000511004784605 7.28466146698e-07
1 0.981055222385 0.0189445777707 1.9973755764e-07 4.41426826385e-11 6.27259290947e-11
1 0.0742809589979 0.922548042813 0.00300759775632 0.000163200759552 1.99672711112e-07
1 0.976106525779 0.0231520269829 0.000718555518941 2.28310087026e-05 6.0709987819e-08
1 0.999984377995 1.56220049696e-05 6.93644717357e-16 4.13855149806e-23 1.53850508767e-30
1 0.999999689082 3.10918244545e-07 6.21567653355e-18 3.63150765373e-27 9.26587628433e-36
1 0.988302060222 0.0116979395477 2.30098562448e-10 1.23600220672e-14 9.7425184342e-19
1 0.887976115183 0.111716167961 0.000307559054227 1.56867419534e-07 9.34429859638e-10
1 0.761343912296 0.238656086246 1.45793700172e-09 5.16825758997e-15 1.8837832263e-24
1 0.200061958793 0.68811044012 0.105472409027 0.00578836739936 0.00056682466116
1 0.660066981228 0.281773496498 0.0558786989633 0.00159177340234 0.000689049908096
1 0.97488763243 0.025064521584 4.77510529063e-05 9.48971323961e-08 3.64559735783e-11
1 0.774596816515 0.0854951894726 0.139180388748 0.000598121314941 0.000129483949947
1 0.0599601805699 0.939677721413 0.000361361721582 6.42519056867e-07 9.37760780114e-08
1 0.629210720433 0.234816818294 0.0867961642488 0.0287681337595 0.0204081632653
1 0.342836318288 0.656276285452 0.000862751788769 2.45140062222e-05 1.30464736746e-07
1 0.0222729988291 0.392419727367 0.541268843042 0.0431147227802 0.000923707982101
1 0.148386337602 0.845640713164 0.00596422474614 8.71022541964e-06 1.42629605048e-08
1 0.016435451882 0.906409609856 0.0627787173465 0.0143253784234 5.08424925212e-05
1 0.789070584358 0.210893153821 3.62469594566e-05 1.48601334969e-08 5.87288019603e-13
1 0.0367531173482 0.907701930798 0.0420542795783 0.0121567772121 0.00133389506356
1 0.594428310392 0.405571613665 7.59424520328e-08 2.73861036522e-13 5.43542483131e-18
1 0.260194457305 0.73980091975 4.62217135363e-06 7.737002828e-10 9.62063838261e-16
1 0.0422508139142 0.34790413277 0.363975636752 0.184355468324 0.0615139482406
1 0.309391535712 0.507261832888 0.12892604501 0.0483511867986 0.00606939959212
1 0.148800626216 0.824406984909 0.0253154338556 0.000904173157098 0.000572781862407
1 0.646829192184 0.351891842976 0.00127739121489 1.57329583054e-06 3.29204006898e-10
1 0.106219605892 0.893774160115 6.23378517028e-06 2.0739218561e-10 4.56853498226e-14
1 0.132314621895 0.840988768298 0.026621913985 7.18720742431e-05 2.82374771926e-06
1 0.260119246449 0.739877730952 3.02259843748e-06 2.38848210248e-13 7.48446656498e-20
1 0.0968878698477 0.891626403732 0.0112003493322 0.00028482564173 5.51446460095e-07
1 0.0240561028412 0.972833470361 0.00311035451037 7.11843975448e-08 1.10258095305e-09
1 0.0101712722616 0.457026504703 0.532264533568 0.000537659659409 2.98076422849e-08
1 0.999889157316 0.000110842625043 5.84755854906e-11 6.25442062737e-14 2.26225754103e-17
1 0.0690146965698 0.930985242236 6.1179584831e-08 1.41415708812e-11 1.27879677075e-18
1 0.362940240087 0.630250671069 0.00569223416109 0.000951153998082 0.000165700684832
1 0.735946254932 0.246261562913 0.0163274663647 0.00145059779445 1.41179954587e-05
1 0.999888508629 0.000111491368885 2.42190041255e-12 3.56233676586e-15 1.19974247119e-19
1 0.291415488521 0.485679371671 0.173499507272 0.0396919211113 0.00971371142517
1 0.999999763895 2.3610499222e-07 3.6367242423e-16 1.448987094e-32 2.81314647654e-44
1 0.992393335963 0.00746907361506 2.87290264238e-05 0.000107982602123 8.78793419773e-07
1 0.00072946948715 0.998183779136 0.00108628569671 4.65678907725e-07 1.63141533269e-12
1 0.617286248657 0.289474031805 0.08622347686 0.00694294762334 7.32950545815e-05
1 0.309049388363 0.677960268831 0.012825884304 0.000159379770915 5.0787305321e-06
1 0.965994896626 0.0340046442182 4.59154561691e-07 1.50170323503e-12 1.53304899937e-16
1 0.869120759371 0.130867620942 1.10212585892e-05 5.97085041348e-07 1.34338945159e-09
1 0.123155748753 0.783205985991 0.0932510381553 0.000385524853422 1.70224727111e-06
1 0.701564302857 0.296427633227 0.00199638887334 1.12728029997e-05 4.02240125947e-07
1 0.0143329177567 0.582624577371 0.291791584905 0.0936682130376 0.0175827069303
1 0.999999804974 1.95025606562e-07 3.56551741351e-20 2.53331728329e-28 8.89470909116e-39
1 0.0178139097899 0.98218469053 1.39270866387e-06 6.97063234457e-09 6.0979303574e-13
1 0.800103494783 0.194814284773 0.00505768290326 2.42128025303e-05 3.24737523111e-07
1 0.725018954418 0.273456870549 0.00148407178361 4.01002605629e-05 2.98924085594e-09
1 0.0182531317174 0.980162369569 0.00158445212157 4.65909140591e-08 1.4292044512e-12
1 0.938751565186 0.0609540257544 0.000294053858585 3.50548328193e-07 4.65227858705e-09
1 0.999993447564 6.55243089932e-06 5.41058670633e-12 1.84433535369e-16 4.42438139079e-22
1 0.102492018745 0.873333757563 0.0241692655213 4.95652325647e-06 1.64727785843e-09
1 0.997995426972 0.00199647813567 8.05269815935e-06 3.94647283831e-08 2.72903477358e-09
1 0.549752346391 0.401008651065 0.0449978211457 0.00411429255487 0.000126888843967
1 0.979869417742 0.0199518861149 0.000156152473297 1.75494204347e-05 4.99424967706e-06
1 0.0841953294338 0.91575708712 4.72967133406e-05 2.84358385924e-07 2.37415219943e-09
1 0.890536818242 0.108135601705 0.000290443174486 0.00103697038386 1.66494432841e-07
1 0.647404231895 0.351717497225 0.000872530459459 5.57373129531e-06 1.66690156404e-07
1 0.27291599524 0.386557466641 0.242906639863 0.0831994866259 0.0144204116305
1 0.954341762055 0.0454387786459 0.000219009345852 4.35572180035e-07 1.43812569126e-08
1 0.648555699251 0.351442332869 1.9651046451e-06 2.77539034045e-09 1.99642711325e-14
1 0.0328444084489 0.965751605665 0.00140397436866 1.15171254038e-08 1.08612461888e-13
1 0.987624045723 0.0123728240194 3.12913208726e-06 1.12370041876e-09 1.80486125699e-12
1 0.0772774118841 0.870943458953 0.0514992668769 0.000279843238569 1.90474526182e-08
1 0.993437730265 0.00656226149746 8.22745643382e-09 1.02668892613e-11 3.98494531167e-17
1 0.998517283175 0.00148240424396 3.12521080183e-07 6.02920299991e-11 7.03850013491e-14
1 0.00499993618451 0.449506405623 0.48276591706 0.0618712459329 0.000856495199283
1 0.749493210586 0.23304954126 0.0169088116889 0.000503461746696 4.49747191153e-05
1 0.95136019871 0.0485973600611 4.16878109299e-05 7.43342638545e-07 1.00755263622e-08
1 0.913739635145 0.0820008448948 0.0042261510957 3.32497002631e-05 1.19164135117e-07
1 0.0737997947035 0.923470065771 0.00243042359562 0.000296118358564 3.59757105195e-06
1 0.000953077288315 0.999046639036 2.83675265084e-07 2.24214054436e-14 3.63981038616e-25
1 0.504912827701 0.495087137737 3.45619417859e-08 1.02095864411e-14 5.76476136762e-22
1 1.54308432282e-05 0.996818627209 0.00313659811844 2.93434512313e-05 3.77663046065e-10
1 0.00234186562741 0.991397918503 0.00624811904048 1.20760930993e-05 2.0735608781e-08
1 0.00128971135183 0.998710052212 2.36436627177e-07 4.80021716652e-15 3.35561129199e-23
1 0.956876692647 0.0430928558825 3.03801692177e-05 7.11063206446e-08 1.94578038682e-10
1 0.460599470549 0.538290499609 0.00110085973363 9.159077207e-06 1.10309168332e-08
1 0.969627474906 0.0303724049989 1.20091493048e-07 4.0911882923e-12 3.27981882303e-18
1 0.999985487114 1.44992406259e-05 1.34541870033e-08 1.90427079261e-10 5.02731032408e-13
1 0.0908320885949 0.608398061276 0.289943374507 0.00951530755444 0.00131116806768
1 0.0580489349691 0.941869823383 8.11793002899e-05 6.22538327475e-08 9.34364965122e-11
1 0.782034286752 0.217946537658 1.9175075521e-05 5.14731031913e-10 1.8009992959e-15
1 0.34605427703 0.551925154462 0.0958098067537 0.00534987037032 0.000860891384294
1 0.000209347937394 0.982835941002 0.0151729145248 0.00173965648371 4.21400524125e-05
1 0.0222344761567 0.939312231512 0.0383509870196 0.000102293464564 1.18472068968e-08
1 0.591329113765 0.392582334658 0.0160682481286 2.00586033789e-05 2.44844738512e-07
1 0.00392255050215 0.996071578173 5.87132338118e-06 1.03017636316e-12 7.61579294869e-21
1 0.91527496037 0.0847250097266 2.98909683723e-08 1.19715602024e-11 1.94653415993e-18
1 0.0253069575784 0.38819308943 0.505926491433 0.0804864712615 8.69902969019e-05
1 0.820705526442 0.119261710915 0.0257924856128 0.0270530279207 0.00718724910953
1 0.983625287155 0.0163733464893 1.36415928014e-06 2.15192389836e-09 4.44192576497e-11
1 0.00823154439106 0.97128333986 0.020251760989 0.000233341964925 1.27947556909e-08
1 0.369787742062 0.626563841774 0.00359104509459 5.7359018436e-05 1.20510193502e-08
1 0.984976654092 0.0148135406609 0.000194846838428 1.12643164779e-05 3.69409251928e-06
1 0.605027344153 0.319472510466 0.0635761168897 0.0115935276407 0.000330500849882
1 0.66367356065 0.271306260333 0.0602245070275 0.00459140780182 0.000204264187325
1 0.852797332109 0.147162294548 3.93331310021e-05 1.04011155355e-06 1.00420806046e-10
1 0.10750022859 0.818797321983 0.0735767975295 0.000125235689093 4.16208541576e-07
1 0.303728773376 0.663180941869 0.0327347900398 0.000266844310424 8.86504051332e-05
1 0.823032040403 0.173544964296 0.00324869889352 0.000165907430333 8.38897700615e-06
1 0.999693626492 0.000306373506532 1.07001109165e-12 1.72635742495e-17 4.7868894127e-25
1 0.827107933647 0.172891647704 4.18649462504e-07 5.77975014555e-14 1.56573290963e-16
1 0.907599566381 0.09240038449 4.91292569636e-08 1.24401328064e-13 1.26649241733e-18
1 0.00478248404863 0.990555619377 0.00466182245762 7.41095932484e-08 6.6896543606e-12
1 0.00147746950956 0.998066647008 0.000455777082103 1.06400327791e-07 3.86513295926e-14
1 0.990943218596 0.00905265069765 4.13061398294e-06 9.26143465569e-11 9.68045547143e-15
1 0.000177761116139 0.999822234362 4.52210897045e-09 4.34469602564e-20 1.06928735478e-27
1 0.86824408461 0.130683569498 0.00104084212933 2.9995100094e-05 1.50866290013e-06
1 0.804838620544 0.191719900076 0.00343935218248 2.10191991171e-06 2.52782399981e-08
1 0.956239767799 0.0423761508767 0.00137629125028 2.35857911795e-06 5.43149527339e-06
1 0.262052495223 0.706434183673 0.0314356079653 7.31759726365e-05 4.53716663384e-06
1 0.527656951372 0.399919425969 0.0691267421162 0.00319930383011 9.75767124992e-05
1 0.988744630675 0.011252836696 2.52896711865e-06 3.59522550011e-09 6.62829875168e-11
1 0.980681983492 0.0191110400505 0.000204696435253 2.26941974377e-06 1.0602733235e-08
1 0.326676544954 0.673186582998 0.000136792951655 7.90357373637e-08 6.08663437712e-11
1 0.91769039612 0.0653529437556 0.0168544443783 0.000101936268453 2.79477546084e-07
1 0.254007490863 0.745930472194 6.18358234224e-05 2.01019279758e-07 1.00843909687e-10
1 0.23843404342 0.761197473879 0.000368482693494 7.21700231429e-12 2.59959463758e-19
1 0.467983739777 0.482137015679 0.0334332330983 0.00820941527996 0.00823659616596
1 0.765345472342 0.234644262732 1.02504799628e-05 1.4440586364e-08 5.66846797627e-12
1 0.958596190255 0.0392176133571 0.00205349695909 0.000109356667277 2.33427615632e-05
1 3.11288215093e-05 0.999907620462 6.12501393674e-05 5.76942989875e-10 7.54185748561e-18
1 0.505475540084 0.436779684856 0.0475969468218 0.00171241341176 0.0084354148267
1 0.0368512193459 0.963148638692 1.41961261717e-07 4.51538432982e-13 3.29691726887e-16
1 0.427242084565 0.546217255003 0.0259007758655 0.000638946561455 9.38004536187e-07
1 0.997164210057 0.00283578769645 2.24612910709e-09 2.20612189583e-15 1.40953651951e-21
1 0.156537161524 0.842699720077 0.000736840933003 2.62773742302e-05 9.17330060809e-11
1 0.00011258907897 0.999496821994 0.000390588148481 7.78654284358e-10 4.33775720691e-18
1 0.0723011173315 0.927640373123 5.85095435832e-05 1.4319886076e-12 4.87089294999e-18
1 0.58450818921 0.415302816928 0.000188654074325 3.32895704266e-07 6.89234653521e-09
1 0.225906712764 0.582035726422 0.135458832664 0.0448559591357 0.0117427690147
1 0.79149601971 0.0911459348171 0.0546740710914 0.0592348431267 0.00344913125495
1 0.999893726055 0.000106273944249 1.13404631693e-12 8.79123205185e-20 2.51946498384e-24
1 0.749221074022 0.250399530424 0.000358192806798 2.12012014669e-05 1.54579414584e-09
1 0.428723217793 0.0620002152625 0.0645372460314 0.314523500606 0.130215820308
1 0.281241623172 0.718756877011 1.49799915863e-06 1.81798579091e-09 4.04854922634e-15
1 0.819470828838 0.177844606471 0.00265090435865 3.3215733414e-05 4.44599392176e-07
1 0.00202685437296 0.997972776002 3.69620840733e-07 4.4144738041e-12 4.80870788662e-15
1 0.0325543632317 0.967227530599 0.000217962187734 1.43977323973e-07 4.42992218472e-12
1 0.0170508027863 0.982945019489 4.17414704825e-06 3.57235020649e-09 5.1328231314e-12
1 0.799867176039 0.200058938066 7.3483297996e-05 3.98293172194e-07 4.30392298764e-09
1 0.999994172735 5.82606049766e-06 1.20456528791e-09 3.67077335871e-13 2.02041767585e-15
1 0.717174840537 0.282507018096 0.000318078101724 6.28119374358e-08 4.52815439262e-10
1 0.939581936868 0.0602092121647 0.000208676346094 1.72214648993e-07 2.40657384938e-09
1 0.996013919058 0.00398311399268 2.96119355785e-06 5.75490442702e-09 5.6232413797e-13
1 0.0650249228955 0.934644523247 0.000330381681534 1.72176331924e-07 6.54859957245e-18
1 0.000499003026457 0.999500946645 5.03288296027e-08 5.84396569183e-23 7.16795591174e-29
1 0.185849477968 0.814137814391 1.27076386978e-05 2.03654702842e-12 1.00361263822e-19
1 0.0297619548479 0.970238044992 1.60566722024e-10 2.47886501404e-22 1.80952754939e-39
1 0.263419256241 0.736186099332 0.000391243193672 3.40121786787e-06 1.56711375105e-11
1 0.0826068846501 0.878404291758 0.0389553378726 3.34803000766e-05 5.41926690172e-09
1 0.450863971482 0.503017677824 0.0138878671109 0.0303692881369 0.00186119544628
1 0.467001058891 0.0170902926618 0.487547538331 0.0124955075138 0.0158656026024
1 0.901115573181 0.0959662330553 0.00287410057792 4.12123315666e-05 2.88085429072e-06
1 0.204309661072 0.795616427089 7.38395666161e-05 7.22726723251e-08 3.82902101308e-15
1 0.696595146324 0.303279598797 0.000124554695269 6.94937377887e-07 5.24575220438e-09
1 0.0107502118064 0.646768416722 0.296466487854 0.0453485548774 0.000666328739948
1 0.0499852185439 0.625379564265 0.314279403996 0.0102012671167 0.000154546078841
1 0.836070543889 0.163736359404 0.000192541665032 5.47075351195e-07 7.96622407311e-09
1 0.555594655599 0.441944123061 0.00245767851994 3.53882961986e-06 3.99025140467e-09
1 0.967203051494 0.0282852311977 0.00389076174998 0.000263815287317 0.000357140271137
1 0.127612644732 0.807830006365 0.00511732518067 0.0589687952917 0.000471228430381
1 0.923081704686 0.0768738967308 4.42125173077e-05 1.85458471133e-07 6.0692352842e-10
1 0.65726525496 0.312747965163 0.028849573316 0.00111807836474 1.91281971142e-05
1 0.628463601703 0.347240753171 0.0187396284397 0.00523321638642 0.000322800299993
1 0.999912466405 8.75281148251e-05 5.47873727993e-09 1.37238022739e-12 6.82146413402e-15
1 0.998699091784 0.00130089193486 1.62244883456e-08 5.65702857414e-11 1.14579848587e-15
1 0.5326876043 0.345684269454 0.0724802656179 0.0378290222687 0.0113188383589
1 0.945995304246 0.0540046957092 4.51822964611e-11 1.20774328773e-19 2.75931739762e-28
1 0.585833025849 0.414165319364 1.65478696195e-06 1.3593999245e-13 1.16510047116e-16
1 0.0359657966036 0.945396185583 0.0186295134893 8.49730839024e-06 7.01592365307e-09
1 0.999484765494 0.000515234505764 2.82098522156e-19 1.78230532528e-29 5.67794297484e-40
1 0.984386123778 0.0155381740484 7.54284688814e-05 2.56226521293e-07 1.74783417405e-08
1 0.000266489672625 3.65596285217e-05 0.0407613453554 0.0238311462524 0.935104459091
1 0.0958056835698 0.263622667864 0.167492491019 0.365915199675 0.107163957873
1 0.759124820467 0.240874674233 5.05300168904e-07 9.17103683339e-15 3.82167592631e-22
1 0.157253937298 0.842746062686 1.54966506476e-11 5.62107838351e-22 2.99120335047e-34
1 0.993731876325 0.00624664726152 2.04413787159e-05 1.0349714293e-06 6.36918527579e-11
1 0.999861594153 0.000138405846697 4.73225656368e-14 3.10481199245e-22 4.69833428643e-31
1 0.932070152443 0.067891695557 3.8062599196e-05 8.92187052461e-08 1.81657982958e-10
1 0.99966995133 0.000330047860641 8.09279142124e-10 3.34428157294e-14 8.96910464502e-19
1 0.0639105450295 0.86576900928 0.0696543586355 0.000660375116788 5.7119384884e-06
1 0.937621409246 0.0538737915665 0.00643369471169 0.00196958112593 0.000101523350027
1 0.27941257112 0.706108172778 0.0143492468732 0.000129386657567 6.22570423702e-07
1 0.382556580541 0.571956820173 0.0449797738819 0.000503644309673 3.18109411073e-06
1 0.162211463532 0.795515610202 0.0408394940697 0.00140093954654 3.2492649942e-05
1 0.123802940427 0.871422472526 0.004774297951 2.8894483812e-07 1.51526181129e-10
1 0.972673881763 0.027229866011 9.20945417094e-05 4.15142593128e-06 6.25868177329e-09
1 0.624949376013 0.303421403903 0.0322079752704 0.0224943357608 0.016926909053
1 0.999904348298 9.56515985152e-05 1.03148789768e-10 6.11986087415e-15 1.06530913637e-20
1 0.363466998709 0.627296604206 0.00923017335692 2.69408097222e-06 3.52964732775e-06
1 0.495928905592 0.485479496071 0.0185741932164 1.72921976877e-05 1.1292343496e-07
1 0.448802994912 0.144908002823 0.205263516285 0.173370254949 0.0276552310312
1 0.0693185631789 0.844145669675 0.0328487936443 0.0533335447338 0.00035342876753
1 0.513418395715 0.413016658156 0.0446755500083 0.0250641418665 0.00382525425421
1 0.676534636492 0.209448801735 0.0499119414343 0.037015048578 0.0270895717604
1 0.999940585447 5.94145529369e-05 1.84292091532e-24 1.94617815251e-38 1.10583939223e-60
1 0.834070676047 0.164881535652 0.00102333372136 2.39675622272e-05 4.87017610663e-07
1 0.978585583941 0.021364488155 3.95724209467e-05 1.02420080876e-05 1.13474879875e-07
1 0.416917605964 0.583082394036 5.06109173453e-14 1.83030563659e-29 1.24683550041e-41
1 0.858912136901 0.140974918153 0.000112743240882 2.01426200142e-07 2.78328013948e-10
1 0.956169714897 0.0438232034608 7.07845001729e-06 3.19187418166e-09 6.70977668618e-15
1 0.698525042118 0.301474957568 3.14341762535e-10 3.46141590348e-17 4.3031316038e-26
1 0.313432318016 0.248952604915 0.324099466834 0.0964136351605 0.0171019750745
1 0.888197008496 0.111183344742 0.000590745155741 2.88777362602e-05 2.38698323822e-08
1 0.998642629634 0.00135737036625 4.50202369994e-15 1.69634109343e-24 1.89023049009e-35
1 0.857780885283 0.132514778035 0.00867751062676 0.000816555826099 0.00021027022896
1 0.311526336114 0.45232142459 0.194701392784 0.0366343833169 0.00481646319509
1 0.999613780289 0.00038621963221 7.87004335502e-11 2.17165406218e-13 4.33551043807e-17
1 0.874160498459 0.122728423751 0.00305779191539 5.28816866258e-05 4.04188188737e-07
1 1.0 3.33266858671e-14 5.20538085094e-22 4.20426643493e-29 5.55313080582e-34
1 0.822018736124 0.118819261904 0.033255000892 0.0186802216241 0.00722677945576
1 0.999830657682 0.000169342285085 3.26567687149e-11 6.03892443814e-16 1.06583405457e-21
1 0.204154085856 0.788809351922 0.0057224843307 0.00122650915949 8.75687314372e-05
1 0.0231198834505 0.973457875297 0.0034156934666 6.5065779793e-06 4.12080123002e-08
1 0.00281561258967 0.983345790037 0.0138212448164 1.73345785373e-05 1.79783880869e-08
1 0.872930129912 0.125969706022 0.0010933100646 6.46708038044e-06 3.86920940718e-07
1 0.000230003194816 0.422216926795 0.563773666317 0.0137792111314 1.92561838378e-07
1 0.368398546077 0.194782980543 0.145178533248 0.134915544152 0.15672439598
1 0.0929672347113 0.889117109436 0.0176213904101 0.000235544247779 5.87211946193e-05
1 0.969996288718 0.030003705209 6.07110738177e-09 1.66316877542e-12 4.73294145716e-17
1 0.953067172995 0.046932827005 4.91692300509e-15 1.73527776993e-25 5.53687933343e-36
1 0.981981952567 0.0180145098019 3.51619528539e-06 2.14263854278e-08 9.66351936329e-12
1 0.96229114438 0.0372422358035 0.000466615151332 4.66418099565e-09 1.31739796488e-12
1 0.925256505087 0.0745848968283 0.00015532623683 3.19763845601e-06 7.42093712996e-08
1 0.978273477665 0.0217240459075 2.47632187783e-06 1.05380997796e-10 5.01690438659e-13
1 0.808097386485 0.191874921719 2.7654388556e-05 3.69966199021e-08 4.11129205315e-10
1 0.304593980372 0.695360684548 4.53017160728e-05 3.33578347443e-08 5.78710813943e-12
1 0.0520707832797 0.947713040865 0.000216129545283 4.63080294962e-08 1.86036778018e-12
1 0.916801586349 0.0817139817951 0.00148432872777 1.01387316902e-07 1.74076076708e-09
1 0.871265241549 0.124266561479 0.00419103421144 0.000274208054151 2.95470632416e-06
1 0.911540807449 0.0884524540998 6.73799805178e-06 4.30270462762e-10 2.24799109939e-11
1 0.0417704666126 0.840295724856 0.0958951168578 0.021918508606 0.00012018306731
1 0.0287079696608 0.950350250654 0.0209061459748 3.55113356291e-05 1.22374997074e-07
1 2.18031383677e-05 0.999978187364 9.49747406534e-09 2.03823410948e-21 2.06004408216e-43
1 0.989742607364 0.00989824792271 7.3397157171e-05 0.000222301579386 6.3445977089e-05
1 0.999986776595 1.32234005958e-05 4.13222178751e-12 1.72311886243e-15 6.90901064033e-20
1 0.0132441705391 0.58433501366 0.350906174983 0.050353209686 0.00116143113203
1 0.0681780058014 0.930392462455 0.00141862085819 1.09066606629e-05 4.22495815952e-09
1 0.0161237504666 0.97617928592 0.0076969028181 6.0793611157e-08 1.48311342693e-12
1 0.92912374808 0.0661342323936 0.00445827546389 0.000262332400042 2.1411662676e-05
1 0.964228834121 0.0338751503139 0.00182381151536 5.02500487151e-05 2.19540009472e-05
1 0.980683209686 0.0188359277759 0.000479931629608 7.60988960728e-07 1.69919793307e-07
1 0.998807228924 0.00119276886761 2.2086563785e-09 2.8731268405e-16 5.71510216721e-22
1 0.972728997731 0.0272709712979 3.09715051821e-08 1.80380113545e-14 8.03843989664e-20
1 0.0017244769458 0.825208208035 0.170929680244 0.00213246958457 5.16519038127e-06
1 0.999999080073 9.19926790243e-07 6.79515210664e-16 4.01485338773e-22 4.46503993011e-24
1 0.0415684589525 0.950128663101 0.00830243917564 4.38767230955e-07 3.35735527499e-12
1 0.999683707491 0.000316292508721 5.71209637113e-15 3.03845339719e-25 2.56244339006e-35
1 0.983920017884 0.0160678028004 1.21768994169e-05 2.32279517409e-09 9.35347364356e-11
1 0.00444519561526 0.832897984393 0.16137231082 0.00128294748054 1.56169050738e-06
1 0.00576411803875 0.994224623419 1.12585417256e-05 9.12342172913e-13 8.59909108541e-20
1 0.941963214393 0.057992195357 4.35927555664e-05 9.89027289335e-07 8.4675547646e-09
1 0.410971788287 0.588039039256 0.000989027347629 1.4507013972e-07 3.89574882423e-11
1 0.858747300301 0.141252680519 1.91798378531e-08 2.82856068108e-15 6.31330641297e-24
1 0.013786408297 0.808937047889 0.1772376451 3.88959503979e-05 2.76421087501e-09
1 0.752174272305 0.24756093849 0.000264685850228 9.76619762733e-08 5.69224885678e-09
1 0.999972290758 2.77092388099e-05 3.42758606822e-12 7.69786503765e-18 8.21429540584e-25
1 0.921407023285 0.0785638720935 2.90098087186e-05 9.47939416045e-08 1.91364739664e-11
1 0.835850236071 0.157855942965 0.00613780187809 0.000155729720966 2.89365505244e-07
1 0.634905139481 0.323319263369 0.0401374777048 0.00160255185792 3.55675873439e-05
1 0.512532354935 0.48746560792 2.03714458456e-06 1.02960924976e-14 2.0174971924e-23
1 9.45113026322e-05 0.999880979381 2.45091451826e-05 1.70958631184e-10 1.2724881674e-20
1 0.746678371591 0.251861767197 0.00144638238478 1.3243225775e-05 2.35601336028e-07
1 0.287889662458 0.531280539304 0.155100112953 0.0239876068319 0.00174207845386
1 0.524865351988 0.474941543982 0.000193030640676 7.20506669472e-08 1.33906062381e-09
1 0.000715079878786 0.999280206339 4.7122509683e-06 1.53142592547e-09 1.59296050982e-15
1 0.999944404281 5.55957149187e-05 4.00004647832e-12 3.9275318087e-13 2.07637849472e-15
1 0.999996923707 3.07629296455e-06 4.5640498186e-18 2.05064278443e-27 8.94896655259e-38
1 0.368398546077 0.194782980543 0.145178533248 0.134915544152 0.15672439598
1 0.971555743286 0.00698054721486 0.00776519331504 0.0136119769885 8.65391952134e-05
1 0.68740250342 0.262059067926 0.0465793876602 0.00374819026871 0.000210850724953
1 0.0962887602807 0.903641990468 6.88794039416e-05 3.69837074631e-07 1.01826814424e-11
1 0.646144005766 0.353850936286 5.05776762873e-06 1.77058069755e-10 3.05447774783e-12
1 0.684322064178 0.279121440885 0.0354505154927 0.0011038176709 2.16177302135e-06
1 0.998796370954 0.00120308680362 5.42100304026e-07 1.42455880663e-10 6.79922705943e-14
1 0.237784665235 0.629790576171 0.0531995581283 0.0621765637624 0.0170486367033
1 0.995817146878 0.00418281365312 3.94689082884e-08 1.44287931979e-13 8.82286442274e-18
1 0.0491387588506 0.928536729005 0.0214299804595 0.000877302664445 1.72290202368e-05
1 0.0955163458803 0.529339400679 0.206270769737 0.16070127472 0.00817220898407
1 0.89175924759 0.108240603872 1.48538412602e-07 4.07245957464e-17 7.16422196517e-26
1 0.998152861145 0.00149523170146 0.0003515598127 3.46468029003e-07 8.72803933787e-10
1 0.95973801607 0.0375713223688 0.0025572275916 0.000100318968274 3.31150012564e-05
1 0.627530584998 0.24570970794 0.0860080585681 0.0242870875574 0.0164645609369
1 0.626583392868 0.373351042457 6.53282092668e-05 2.35912677133e-07 5.53431762252e-10
1 0.997371665441 0.00262831142994 2.31269670245e-08 1.80669672441e-12 1.07228722372e-15
1 0.162133765264 0.72285303338 0.110794157123 0.00375180799833 0.000467236234365
1 0.114316877549 0.884993225215 0.000689648902555 2.40926000493e-07 7.40713497731e-09
1 0.105165036284 0.870151822333 0.0246359939878 4.71437168132e-05 3.67868013514e-09
1 0.114214437549 0.200992641521 0.261016179485 0.287541311322 0.136235430123
1 0.239431003115 0.677911469563 0.0822938648141 0.000361535309542 2.12719827491e-06
1 0.432833822286 0.378346992104 0.139247728803 0.0278276939343 0.0217437628716
1 0.988993788595 0.0109545772449 5.16301781941e-05 3.89630623011e-09 8.60090820141e-11
1 0.000837059200876 0.99916291433 2.64691682471e-08 1.50272869169e-18 5.63799877922e-26
1 0.888050853434 0.111947771487 1.3750722273e-06 6.40609365665e-12 1.52449619965e-14
1 0.986431267671 0.0135332915084 3.52976787298e-05 1.42473186289e-07 6.68142313559e-10
1 0.794742342799 0.202020266655 0.00323425992782 3.11835981018e-06 1.22581490653e-08
1 0.999329673175 0.00067032682502 1.03031655316e-16 1.7910302594e-27 9.67864781051e-39
1 0.631290425725 0.335070692085 0.033434084807 0.000188179649056 1.66177340587e-05
1 0.991190075772 0.00880921552689 7.08385402031e-07 3.16164967967e-10 3.22618186816e-15
1 0.354988200187 0.306213853864 0.113430892741 0.0546059451771 0.170761108031
1 0.00400850335282 0.988596557223 0.00728772386145 0.000107207217056 8.34561340204e-09
1 0.864786980035 0.135213019965 1.2483119586e-14 5.38945435335e-29 6.1430046991e-44
1 0.000196433624526 0.999146741506 0.000656475495342 3.49361512037e-07 1.29587754942e-11
1 0.925226551909 0.0735718992158 0.00113577101757 6.15077398637e-05 4.27011812475e-06
1 0.999947380725 5.2619275156e-05 3.74415892365e-15 3.89080860418e-23 7.68951402058e-33
1 0.000306925835817 0.997837056007 0.00185598985128 2.83063458566e-08 1.83868990309e-14
1 0.887649315919 0.112314821372 3.58534419197e-05 9.24900091181e-09 1.8255462365e-11
1 0.886719025595 0.112388057051 0.000887262901341 5.36372385588e-06 2.90728426722e-07
1 0.00290669690907 0.993051473043 0.00403952525684 2.29699106998e-06 7.80002868075e-09
1 0.00680710149871 0.993192898501 7.63682219844e-14 5.34951331596e-22 2.74105732818e-36
1 0.495232559188 0.417200346426 0.0789746941165 0.00857558833251 1.68119372445e-05
1 0.46979055418 0.309110000537 0.170582396058 0.0124181619476 0.0380988872774
1 0.124814378996 0.578050452103 0.143002985308 0.10213050211 0.0520016814819
1 0.0923371398086 0.893563164126 0.0129711382047 0.00112212695386 6.43090730841e-06
1 0.701115240872 0.298877244768 7.50987931209e-06 3.77997061502e-09 7.0001347462e-10
1 0.999862174972 0.000137824978766 4.95580162552e-11 2.75884254907e-16 2.32336021082e-22
1 0.649257364931 0.347426540407 0.00133632756125 0.00173999630362 0.000239770796265
1 0.127457652294 0.872343313608 0.000198724560096 3.08986991406e-07 5.50354023811e-10
1 0.976353611702 0.0171039872602 0.00449950919522 0.00196315283878 7.97390041803e-05
1 0.962634605035 0.0373272970114 3.62252112169e-05 1.49059890268e-06 3.82143379625e-07
1 0.999609007097 0.000390782211646 2.10529576189e-07 1.60096791277e-10 2.03346997863e-12
1 0.99634420871 0.00365129412066 4.48058370328e-06 1.63192033929e-08 2.66677111521e-10
1 0.862840130497 0.13715780067 2.06882887198e-06 4.08370765282e-12 2.32911984544e-16
1 0.02336492714 0.976016310617 0.000618724934487 3.72972896815e-08 1.15187902885e-11
1 0.474981410835 0.524847102717 0.000171049748307 4.29232352029e-07 7.46701464129e-09
1 0.0258949175831 0.974097302972 7.77944453308e-06 5.30005711255e-15 1.64644402244e-21
1 0.989660984086 0.0103390134278 2.4862876788e-09 1.07406797141e-16 2.83975188768e-25
1 0.0450202748447 0.883567729212 0.0713787861894 3.31489428022e-05 6.08108040685e-08
1 0.0614634912643 0.899420267171 0.0379107058361 0.00120309553604 2.44019207638e-06
1 0.288716484999 0.589433260296 0.116192212759 0.0044850921447 0.00117294980168
1 0.966067485424 0.0339312775232 1.23704888225e-06 3.39037916678e-12 8.91196179123e-15
1 0.104060036632 0.738655605885 0.143471084838 0.0114671554818 0.0023461171628
1 0.976572884667 0.0234265633726 5.51959938456e-07 3.38023744717e-14 5.38245383695e-18
1 0.198728447386 0.415148950962 0.276798822649 0.0928256552482 0.0164981237546
1 0.989840237931 0.0101597620685 7.19399793641e-13 6.50168498107e-19 3.66588749269e-26
1 0.00258141255811 0.997418508267 7.90380820243e-08 1.36779829783e-10 1.46853084164e-14
1 0.0231809848863 0.961748069613 0.0150481414914 2.27975852926e-05 6.42379922102e-09
1 0.784288205587 0.188838159212 0.019192832616 0.0055101491788 0.00217065340665
1 0.0246442901058 0.95028549389 0.02506626821 3.94660208689e-06 1.19206789048e-09
1 0.99862782906 0.00137216655041 4.3896727938e-09 1.9543054055e-14 2.42097180254e-19
1 0.230732093044 0.76705443333 0.00221217227533 1.30114711726e-06 2.04203163935e-10
1 0.697594905105 0.19373729588 0.0629394584738 0.0291283195188 0.0166000210219
1 0.0954153897987 0.830399957567 0.0734408392427 0.000727566464516 1.62469274335e-05
1 0.00886342672428 0.987399490415 0.00372914572922 7.93713180983e-06 2.3807171038e-15
1 0.000156991057721 0.149355622571 0.850486722636 6.63735082758e-07 1.10977740772e-13
1 0.0881183662831 0.21566893332 0.1652203143 0.479830842429 0.0511615436685
1 0.146116530535 0.312914856098 0.215099703311 0.304511720345 0.0213571897108
1 0.968305922691 0.0316935728527 5.04456190672e-07 2.14039464296e-14 6.22685330602e-24
1 0.988687413211 0.0113099682536 2.61578146868e-06 2.60008156621e-09 1.54048039552e-10
1 0.839336954804 0.160607861816 4.48046872897e-05 1.03704306234e-05 8.26203921568e-09
1 0.00454099622513 0.995453912326 5.09144899605e-06 1.45590184226e-14 1.22892028825e-21
1 0.994420609225 0.00544092488668 0.000138451042938 1.22669604221e-08 2.57859063051e-09
