1 0.0925714285714 0.833142857143 0.0514285714286 0.008 0.0148571428571
1 0.972112758976 0.0137347171598 0.014100976284 4.74780346264e-05 4.06954582512e-06
1 0.858310626703 0.0136239782016 0.0299727520436 0.0408719346049 0.0572207084469
1 0.73907654168 0.230368763557 0.0105980787109 0.0184071893399 0.00154942671212
1 0.999549922654 0.00033617487329 0.000113743378181 1.57924690367e-07 1.16981252123e-09
1 0.979346779728 0.0196352983985 0.000299388786278 0.000345448599551 0.000373084487515
1 0.000109901473059 0.976810247798 0.0230224637528 4.38523119101e-05 1.35346641698e-05
1 0.192660550459 0.247706422018 0.412844036697 0.00917431192661 0.137614678899
1 0.196952504458 0.643378181229 0.00243151240071 0.005673528935 0.151564272978
1 0.6 0.257142857143 0.0285714285714 0.0285714285714 0.0857142857143
1 0.0273855447715 0.972435798887 0.000173349576332 2.52442881845e-07 5.05432176853e-06
1 0.806896551724 0.126436781609 0.0114942528736 0.0344827586207 0.0206896551724
1 0.0762031150669 0.837357434665 0.0351060788786 0.0507650549549 0.000568316434549
1 0.0947368421053 0.789473684211 0.0947368421053 0.0105263157895 0.0105263157895
1 0.156626506024 0.542168674699 0.10843373494 0.0120481927711 0.180722891566
1 0.236363636364 0.272727272727 0.163636363636 0.0545454545455 0.272727272727
1 0.781637717122 0.0620347394541 0.00319035802907 0.0868486352357 0.0662885501595
1 0.995686700111 0.00368898928082 8.54875581372e-07 2.51433994521e-07 0.00062320429882
1 0.136165034016 0.848412904256 0.0145442212158 0.000179558286615 0.000698282225725
1 0.399500748551 0.597304238086 0.00264355474578 0.00042901303601 0.000122445581102
1 0.999637740326 0.00036224037753 1.71124300926e-09 1.36760086289e-09 1.62177448668e-08
1 0.00193476293213 0.998065143935 9.28140242574e-08 3.64859910763e-12 3.14794547068e-10
1 0.686274509804 0.137254901961 0.0196078431373 0.0457516339869 0.111111111111
1 0.918222292421 0.00524190762002 0.0759632375443 0.00032576827017 0.000246794144069
1 0.938257812046 0.060925831951 0.000812344426013 1.20347322372e-06 2.80810418869e-06
1 0.41252014854 0.52696799137 0.0603994322789 0.000112356350334 7.14609734617e-08
1 0.847480272131 0.136446794601 0.0157142114599 0.00026135446034 9.73673479697e-05
1 0.989386172448 0.0106095878918 3.96916868379e-06 5.88024990192e-09 2.64611245586e-07
1 0.625688073394 0.284403669725 0.0825688073394 0.00183486238532 0.00550458715596
1 0.997252533631 0.00101086026801 0.00142557217283 0.000233275446463 7.77584821544e-05
1 0.999553210644 0.000446596378653 1.07920443346e-07 1.11917496803e-09 8.39381226022e-08
1 0.98179173625 0.00261811129667 0.000484835425308 0.000290901255185 0.0148144157733
1 0.752450517543 0.247549318593 5.59713389009e-08 1.07449833776e-07 4.41952868345e-10
1 0.010169285257 0.989829273818 1.40949804315e-06 3.37425379075e-09 2.80528137735e-08
1 0.0910403850843 0.485709285503 0.421483264279 7.22117963491e-05 0.00169485333784
1 0.95572009991 0.0427913935414 0.00143779082299 3.8036794259e-05 1.26789314197e-05
1 0.712746355806 0.285346198188 0.00188265039066 4.10240928668e-07 2.43853738151e-05
1 0.928712937819 0.0679115823477 0.00158754348345 0.00145794809705 0.000329988252418
1 0.169903138896 0.822331192259 0.00679612555586 4.66126581334e-05 0.000922930631042
1 0.638538116767 0.360582795705 6.75304472939e-06 4.64768372552e-05 0.000825857646612
1 0.961463506834 0.00444758629012 0.0281110946188 0.00237382576781 0.00360398648959
1 0.128591285594 0.87067845695 0.000511862702499 0.000170620900833 4.77738522332e-05
1 0.999998245749 1.69659491167e-06 5.74097228723e-08 2.45110760987e-10 1.10709467474e-12
1 0.861998016551 0.128697877874 0.00142556744933 0.00715840611565 0.000720132010485
1 0.58042721627 0.138196956255 0.279464955982 0.00129666279943 0.000614208694465
1 0.976164721454 0.00642084110458 0.0174135237057 6.17685531946e-07 2.96050462057e-07
1 0.0279847983811 0.971472286659 0.000232677839904 0.00024677952717 6.3457592701e-05
1 0.0296582047129 0.963671335078 0.00664234446566 4.2173615655e-06 2.38983822045e-05
1 0.551020408163 0.183673469388 0.0612244897959 0.183673469388 0.0204081632653
1 0.177865612648 0.691699604743 0.0592885375494 0.0592885375494 0.0118577075099
1 0.109947643979 0.706806282723 0.00523560209424 0.0471204188482 0.130890052356
1 0.00499519112834 0.991692356362 0.00180716562157 4.81062824418e-05 0.00145718060527
1 0.861094882519 0.114265924093 0.0246027109291 2.44989653107e-06 3.40325626687e-05
1 0.776617701894 0.00669611205353 0.022189077197 0.192086508516 0.00241060033927
1 0.591512399002 0.408022838496 0.000387486076444 2.75987233935e-05 4.96777021082e-05
1 0.99763363102 0.00207049010395 0.000288974877817 1.93879397652e-06 4.9652040862e-06
1 0.529919240816 0.469098229049 0.000647032040068 0.000119820748161 0.000215677346689
1 0.0698602794411 0.916167664671 0.0059880239521 0.0059880239521 0.00199600798403
1 0.36 0.12 0.04 0.36 0.12
1 0.2 0.2 0.2 0.2 0.2
1 0.985480398538 0.00459620487658 0.00675912481851 0.00169228458419 0.0014719871827
1 0.161662305406 0.748436599104 0.0512263272276 0.0374772697033 0.00119749855857
1 0.997593504241 0.00168383129456 0.000716393678049 1.47763850654e-07 6.12302288931e-06
1 0.993324274125 0.00667513912212 1.45342372071e-07 4.36027116214e-07 5.38305081746e-09
1 0.827298201956 0.172024015327 0.000671630662489 5.91514813188e-06 2.36906759255e-07
1 0.0273381402847 0.229182268097 0.000812393025183 2.65309511488e-08 0.742667172063
1 0.897435897436 0.0495726495726 0.0461538461538 0.00512820512821 0.0017094017094
1 0.0774901824361 0.919506010958 0.00170594807228 0.00126440857122 3.34499622015e-05
1 0.0317094176669 0.9615271111 0.00653460933877 0.000210793849638 1.80680442547e-05
1 0.850641773629 0.147444574096 0.00154025670945 0.000121353558926 0.000252042007001
1 0.808790212959 0.0539193475306 0.011327594019 0.123697326688 0.00226551880381
1 0.509284439783 0.452601766724 0.0379013278034 0.000118667769373 9.37979206877e-05
1 0.988951233678 0.0110464864432 1.39825402435e-06 8.61324479002e-07 2.03005769462e-08
1 0.999411151646 0.000571801398187 1.70467108035e-05 2.13842625409e-12 2.42497537214e-10
1 0.649385355425 0.345417742247 7.96024426578e-05 0.00460556989663 0.000511729988515
1 0.00109371031447 0.998888778559 7.80750885034e-07 1.59699044666e-05 7.60471641267e-07
1 0.967529659611 0.0324617794292 7.66511910961e-06 7.38122580925e-07 1.57718500198e-07
1 0.998357223415 0.00159539583507 3.20140203115e-05 1.15250473121e-05 3.84168243738e-06
1 0.0210395775572 0.0634714727661 0.904843575271 0.0106435896714 1.7847337816e-06
1 0.817250058275 0.181966631051 1.11125116404e-05 0.000749506226284 2.26919355345e-05
1 0.726767995898 0.270088887365 0.00200259610863 0.000444698410189 0.000695822218295
1 0.969042814577 0.0307365129978 0.00022067240101 8.56479714591e-12 1.54166348626e-11
1 0.2 0.2 0.2 0.2 0.2
1 0.397655545537 0.00450856627592 0.573876078836 0.0212546695865 0.00270513976555
1 0.99106637537 0.0059334359767 0.00166136207348 0.000821552673698 0.000517273905661
1 0.804255319149 0.114893617021 0.00425531914894 0.0127659574468 0.063829787234
1 0.00725065793007 0.97883882056 0.0130511842741 0.000805628658897 5.37085772598e-05
1 0.318801089918 0.0408719346049 0.0455430128455 0.184896847022 0.409887115609
1 0.999838098766 0.000161674168771 2.26366673918e-07 6.98016855163e-10 8.66425011798e-13
1 0.142857142857 0.428571428571 0.142857142857 0.142857142857 0.142857142857
1 0.013698630137 0.205479452055 0.041095890411 0.123287671233 0.616438356164
1 0.999109589564 0.000830513487395 5.43733109967e-05 4.660569514e-06 8.63068428518e-07
1 0.330606199527 0.625771414466 0.0371336883309 0.000317381951546 0.00617131572451
1 0.537080485566 0.0626225531867 0.00642660410079 0.0495879946048 0.344282362542
1 0.980488391863 0.0193032555372 7.79929516655e-06 0.000183840528926 1.67127753569e-05
1 0.0365641323273 0.813348810215 0.141033081834 0.00383052814858 0.00522344747533
1 0.0407239819005 0.122171945701 0.0226244343891 0.610859728507 0.203619909502
1 0.419747115318 0.396116907345 0.115418679296 0.0686858915975 3.14064433459e-05
1 0.507692307692 0.384615384615 0.0769230769231 0.0153846153846 0.0153846153846
1 0.994832041344 0.00430663221361 0.000287108814241 0.000287108814241 0.000287108814241
1 0.140186915888 0.457943925234 0.327102803738 0.0591900311526 0.0155763239875
1 0.913901077255 0.036691888661 0.0282151250458 0.0196840232024 0.00150788583538
1 0.0500927643785 0.0166975881262 0.250463821892 0.450834879406 0.231910946197
1 0.435897435897 0.371237458194 0.0746934225195 0.0769230769231 0.041248606466
1 0.953016550988 0.0432461292045 0.000533902829685 0.00224239188468 0.000961025093433
1 0.999315322445 0.000463606344493 0.000221024082861 1.44511118547e-09 4.56822337557e-08
1 0.0340324909287 0.965907577816 2.23877658431e-05 3.62205550225e-05 1.32293453561e-06
1 0.0106408232406 0.983436853002 0.00230700976043 0.00356537872066 4.99352761997e-05
1 0.000663651223373 0.999186296108 2.86824477492e-08 0.00014893730613 1.08668036576e-06
1 0.88264381078 0.111257623208 0.0044503049283 0.0014834349761 0.000164826108456
1 0.0350899385178 0.730124961326 0.233107546081 0.00160161412783 7.59399479148e-05
1 0.000137582205368 0.95963588244 0.0158719835101 0.0240768859393 0.000277665905378
1 0.918259572332 0.0518746023016 0.0199696841632 0.000186991040184 0.00970915016339
1 0.878531455631 0.0157928099369 5.8339308924e-06 0.104680376069 0.000989524432135
1 0.0937708264333 0.809746289447 0.0933776573497 0.000528593990144 0.00257663278024
1 0.106382978723 0.063829787234 0.191489361702 0.574468085106 0.063829787234
1 0.463917525773 0.0103092783505 0.463917525773 0.0515463917526 0.0103092783505
1 0.862459816143 0.137289521753 0.000230468659116 1.71205289629e-05 3.07291545488e-06
1 0.997004538703 0.00279272980029 0.000103434437048 3.72363973372e-05 6.20606622286e-05
1 0.421064696836 0.536321167298 0.0394938027335 0.00232578325481 0.000794549877479
1 0.473684210526 0.157894736842 0.0526315789474 0.157894736842 0.157894736842
1 0.981663968525 0.0061869883118 0.0121490389274 4.15443736615e-09 8.18027939369e-11
1 0.136287156478 0.0151430173864 0.136287156478 0.687044307347 0.0252383623107
1 0.316348779389 0.6834695851 8.92899059507e-06 3.05569900365e-06 0.000169650821306
1 0.35593220339 0.35593220339 0.152542372881 0.0847457627119 0.0508474576271
1 0.839050770845 0.0423763015578 0.00408068089075 0.106501286984 0.00799095972233
1 0.231190065433 0.730871450553 0.0135994156137 0.0146873688628 0.0096516995384
1 0.427466669888 0.150295641401 0.422199464099 8.53482419663e-06 2.9689787326e-05
1 0.037313488988 0.958706104544 0.00395030887653 1.25406631001e-05 1.75569283401e-05
1 0.0098515246204 0.00207996205146 0.0227452000436 0.965170324902 0.00015298838234
1 0.00416859657249 0.0594410992744 0.0341207349081 0.703566465956 0.198703103289
1 0.322106219939 0.640235819878 0.0362945476121 0.000416598285635 0.000946814285534
1 0.00209280677619 0.997799298393 5.19105204975e-06 0.00010129791764 1.40586070533e-06
1 0.376205787781 0.202572347267 0.318327974277 0.048231511254 0.0546623794212
1 0.777777777778 0.111111111111 0.037037037037 0.037037037037 0.037037037037
1 0.0656934306569 0.547445255474 0.036496350365 0.328467153285 0.021897810219
1 0.174193548387 0.0193548387097 0.251612903226 0.0709677419355 0.483870967742
1 0.592666682679 0.405319159887 0.00194553196746 5.14690996682e-05 1.71563665561e-05
1 0.404496271172 0.562921424243 0.0325720001891 1.00800684796e-05 2.24327342164e-07
1 0.247058823529 0.317647058824 0.317647058824 0.105882352941 0.0117647058824
1 0.968257393738 0.0317426062609 7.3063111485e-13 1.57113157028e-13 1.69551451511e-15
1 0.964272011857 0.0357137782169 1.36052488445e-05 5.03898105353e-07 1.00779621071e-07
1 0.0858960763521 0.12619300106 0.0668080593849 0.705196182397 0.0159066808059
1 0.0733456481582 0.836140389004 0.025100510703 0.0616103444529 0.00380310768228
1 0.386416861827 0.245901639344 0.0491803278689 0.316159250585 0.00234192037471
1 0.994436428561 0.00555297834752 6.99543757561e-06 2.99804467526e-06 5.99608935053e-07
1 0.0212765957447 0.063829787234 0.531914893617 0.191489361702 0.191489361702
1 0.0937229153563 0.183974611625 0.697188872806 0.0209700607963 0.00414353941575
1 0.969230769231 0.00512820512821 0.0153846153846 0.00512820512821 0.00512820512821
1 0.166110036913 0.197750043944 0.593250131833 0.00017577781684 0.042714009492
1 0.947808519284 0.0360279404017 0.0139484084508 0.00169596033273 0.000519171530428
1 0.903527686501 0.0964373910905 5.84809835184e-06 2.86075211141e-05 4.66789388808e-07
1 0.272727272727 0.272727272727 0.0909090909091 0.272727272727 0.0909090909091
1 0.913396481732 0.0338294993234 0.0121786197564 0.0365358592693 0.00405953991881
1 0.020291785469 0.150408957523 0.383878956898 0.32123457304 0.12418572707
1 0.0150131000049 0.984979465123 6.60315639117e-06 7.51996888524e-07 7.97191026413e-08
1 0.111111111111 0.333333333333 0.111111111111 0.111111111111 0.333333333333
1 0.282024045193 0.629665395201 0.00893245135435 0.0780744531891 0.00130365506253
1 0.99149661511 8.71645375921e-05 0.00142368744734 6.77946403494e-05 0.00692473826426
1 0.272727272727 0.0909090909091 0.0909090909091 0.272727272727 0.272727272727
1 8.37842470734e-06 0.999987371375 4.16616396315e-06 8.40141631495e-08 2.20799162517e-11
1 2.57544737645e-05 0.0502043704626 0.949763261074 5.72434145299e-08 6.55674605219e-06
1 0.655127790359 0.340666450987 0.00140191955139 0.000970559689421 0.00183327941335
1 0.0837632587442 0.876894295643 2.79334691261e-05 2.89806469753e-05 0.0392855314971
1 0.2 0.2 0.2 0.2 0.2
1 0.946308724832 0.0111856823266 0.0156599552573 0.00671140939597 0.0201342281879
1 0.296703296703 0.494505494505 0.0549450549451 0.0549450549451 0.0989010989011
1 0.0350807965121 0.954977238386 0.0015880195952 0.00233871976748 0.00601522573939
1 0.843262302985 0.027953200979 0.00382824896443 0.124846626676 0.000109620395996
1 0.958399864021 0.0407632722673 0.000603104894788 0.000162142262281 7.16165547816e-05
1 0.114357856096 0.88564127727 8.66574961624e-07 5.54009153102e-11 2.66372077653e-12
1 0.673692040665 0.31019092487 0.00481031490206 0.00609967765931 0.00520704190429
1 0.91991890522 0.00253421186011 0.0724784591992 0.000844737286704 0.00422368643352
1 0.221238938053 0.185840707965 0.0796460176991 0.0619469026549 0.451327433628
1 0.880442956407 0.0734078458413 0.0350700548674 1.8567641496e-06 0.0110772861198
1 0.572621934788 0.175424413905 0.19805982215 0.0255995688494 0.0282942603072
1 0.250463821892 0.0500927643785 0.69573283859 0.00185528756957 0.00185528756957
1 0.2 0.2 0.2 0.2 0.2
1 0.211689237349 0.750534568781 0.0149679258731 0.0192444761226 0.00356379187455
1 0.124568800307 0.027980068992 0.534687619778 0.281717133001 0.0310463779226
1 0.230769230769 0.230769230769 0.0769230769231 0.0769230769231 0.384615384615
1 0.339622379349 0.0161055274048 0.00072066555229 0.550634923435 0.0929165042586
1 0.333333333333 0.0666666666667 0.2 0.2 0.2
1 0.951976746397 0.0193324508499 0.00360749082845 0.0209570969252 0.00412621499986
1 0.314285714286 0.142857142857 0.257142857143 0.2 0.0857142857143
1 0.0524093346537 0.755310999421 0.189178079632 0.00170026718484 0.00140131910839
1 0.0141405721722 0.931045041444 0.0482650687466 0.00610277325327 0.000446544384385
1 0.716567541142 0.252922768335 0.0299676460089 0.000481427273493 6.06172405614e-05
1 0.169968189166 0.628133590601 0.0510388807354 0.147842152707 0.00301718678994
1 0.0290431950219 0.968726964032 0.000882649614295 0.00134004468055 7.14665085979e-06
1 0.314366993457 0.061185975216 0.621815550665 0.00251493594765 0.000116544714697
1 0.178548555932 0.819865818055 0.00139128744882 0.000154587494313 3.97510699663e-05
1 0.483870967742 0.290322580645 0.161290322581 0.0322580645161 0.0322580645161
1 0.99999284888 7.15069285702e-06 2.35071833942e-10 1.26577141354e-10 6.52064061518e-11
1 0.93071932299 0.0685472496474 0.000394922425952 0.000282087447109 5.64174894217e-05
1 0.405184174625 0.306957708049 0.257844474761 0.012278308322 0.0177353342428
1 0.994193633977 0.00568110647987 0.000116620954132 3.08521042678e-06 5.5533787682e-06
1 0.855858319008 0.136106848575 0.0068181585162 0.000789470986087 0.000427202914549
1 0.83606557377 0.14875531269 0.00708358631856 0.00141671726371 0.0066788099575
1 0.376688120838 0.569552438707 0.053015365155 0.000186018825105 0.000558056475315
1 0.99999539006 4.60987708528e-06 6.31492831462e-11 5.78358021997e-15 5.71856860774e-16
1 0.89013224822 0.0202420744493 0.0667054207237 0.0213631739573 0.00155708264995
1 0.457698978609 0.401811524378 0.0560801695895 0.0237039892079 0.0607053382155
1 0.0548328175066 0.93600581463 0.00069119990879 0.00788822988691 0.000581938067538
1 0.164113785558 0.689277899344 0.054704595186 0.0328227571116 0.0590809628009
1 0.988640377941 0.0108769091966 0.000119633793633 2.46863383687e-05 0.000338392730562
1 0.0903396771862 0.617923391954 0.177065767285 0.106239460371 0.00843170320405
1 0.46982529285 0.520117925145 0.00592242409441 0.00321851913231 0.000915838777486
1 0.142857142857 0.142857142857 0.142857142857 0.142857142857 0.428571428571
1 0.0318038851931 0.963920761002 0.0025772571961 2.42079140985e-05 0.00167388869437
1 0.864697474988 0.130061934254 0.00111164046371 0.00333492139114 0.000794028902652
1 0.866666666667 0.111111111111 0.00740740740741 0.00740740740741 0.00740740740741
1 0.47972027972 0.247552447552 0.222377622378 0.0237762237762 0.0265734265734
1 0.904846782412 0.0949313538576 0.000131614077442 3.38436199136e-05 5.64060331893e-05
1 0.864281263482 0.135709105058 5.55604873887e-06 4.0110512286e-06 6.43601819994e-08
1 0.387755102041 0.265306122449 0.224489795918 0.0612244897959 0.0612244897959
1 0.286639107714 0.584743779736 0.115825598627 0.00304188440839 0.00974962951408
1 0.853946809656 0.146029337219 2.38529635515e-05 8.63899353235e-11 7.4452380371e-11
1 0.0973451327434 0.805309734513 0.0619469026549 0.0265486725664 0.00884955752212
1 0.936777178103 0.0208172706245 0.0346954510409 0.00693909020817 0.00077101002313
1 0.966743318252 0.0332468338309 9.10109238493e-06 7.43870379721e-07 2.9547186312e-09
1 0.479289940828 0.195266272189 0.266272189349 0.0177514792899 0.0414201183432
1 0.958163971277 0.041822828801 1.31914298727e-05 4.61507750649e-09 3.87666510545e-09
1 0.371428571429 0.36 0.2 0.0171428571429 0.0514285714286
1 0.2 0.2 0.2 0.2 0.2
1 0.00251889563323 0.000268636130541 0.606158240272 0.38517680482 0.0058774231442
1 0.219595665125 0.388174155523 0.385005386907 0.00665441409468 0.000570378350973
1 0.274112751753 0.724125530561 0.00176171765852 2.68447793139e-11 4.20821139436e-13
1 0.00997954518886 0.989231140225 0.000686679952954 7.12112543804e-06 9.55135078594e-05
1 0.923614434041 0.0761838682412 7.75690294819e-05 2.23449879166e-06 0.000121894189186
1 0.970016854431 0.00558857446997 0.00665306484521 0.0155238179721 0.00221768828174
1 0.999929874905 3.95344098456e-05 2.2549255986e-05 8.03977074172e-06 1.65883104331e-09
1 0.120235193608 0.0483704801869 0.831092795939 0.000175892655225 0.000125637610875
1 0.456965155216 0.541945659538 0.00099882718911 8.95543277959e-05 8.03729053178e-07
1 0.923809230435 0.071928414684 0.00212946996165 0.00208305441609 4.98305031118e-05
1 0.299523615826 0.700476384174 3.50992121204e-15 2.97539440716e-20 9.50125945145e-22
1 0.011424428627 0.98811625904 0.000458607750413 3.87520403641e-07 3.17062148434e-07
1 0.0963754003924 0.903592390346 3.21218557237e-05 7.28386751105e-08 1.45677350221e-08
1 0.988482460478 0.0114058736261 7.97613540287e-05 5.31742360192e-06 2.65871180096e-05
1 0.960092194821 0.0397671323299 0.000126244864539 1.28821290346e-05 1.54585548415e-06
1 0.063318365595 0.935704736015 0.00092383698399 1.61079269003e-05 3.69534793596e-05
1 0.507209830128 0.469225302562 0.00956666954695 0.0109985839566 0.00299961380634
1 0.220338983051 0.593220338983 0.118644067797 0.0508474576271 0.0169491525424
1 0.977595220314 0.0191685337316 0.00207451663762 0.00107874865156 8.29806655049e-05
1 0.99928293979 0.000600670541787 0.000107028569264 8.42498941728e-06 9.36109935253e-07
1 0.999375002979 0.000500939851117 9.23928238982e-05 3.09222130319e-05 7.42133112766e-07
1 0.998461559569 0.00152129297645 1.70384813363e-05 1.04020032578e-07 4.95333488467e-09
1 0.96843615495 0.0100430416069 0.0100430416069 0.0100430416069 0.00143472022956
1 0.00496911197572 0.99481621754 0.00012617803005 8.74563707727e-05 1.03608370413e-06
1 0.361766560843 0.207719389751 0.40545157951 0.0250278752784 3.45946176097e-05
1 0.0542635658915 0.0387596899225 0.488372093023 0.0697674418605 0.348837209302
1 0.991648876993 0.00239025146947 0.00595720433039 3.55481447004e-06 1.12392508086e-07
1 0.998561043305 0.00139764317331 4.13003279408e-05 1.13795452847e-08 1.8141304077e-09
1 0.555555555556 0.111111111111 0.111111111111 0.111111111111 0.111111111111
1 0.917987279947 0.0732632910503 0.00613514178292 0.00259320425876 2.10829614533e-05
1 0.972604161154 0.0273940580301 1.75933461973e-06 1.41777881444e-08 7.30370904407e-09
1 0.451590000637 0.545661000248 0.00274801217426 8.63572849375e-07 1.23367549911e-07
1 0.00224651789726 0.0202186610753 0.0121311966452 0.963756177924 0.00164744645799
1 0.677910220644 0.308141009384 0.0114126299772 0.00228252599543 0.000253613999493
1 0.997989737079 0.000617185984588 0.000123437196918 0.000158704967465 0.00111093477226
1 0.89800443459 0.0465631929047 0.0465631929047 0.00665188470067 0.00221729490022
1 0.0434782608696 0.130434782609 0.130434782609 0.0434782608696 0.652173913043
1 0.00934579439252 0.233644859813 0.700934579439 0.0280373831776 0.0280373831776
1 0.897806776197 0.0955113591699 0.000550271205094 0.00495244084585 0.00117915258234
1 0.142857142857 0.142857142857 0.428571428571 0.142857142857 0.142857142857
1 0.999173123271 0.000700737660889 3.35659065515e-06 1.20661755577e-06 0.000121575859786
1 0.00103412616339 0.542916235781 0.0155118924509 0.418821096174 0.0217166494312
1 0.210827693909 0.773034877668 0.000520562207184 0.00156168662155 0.014055179594
1 0.997962433439 0.00203323507276 1.76404590185e-07 1.29732975753e-06 2.85775436099e-06
1 0.283942706574 0.623928697883 0.0920682368113 3.80405086038e-05 2.23182230079e-05
1 0.0701392723859 0.929859382216 1.34280379914e-06 1.48635916381e-09 1.10772024403e-09
1 0.2 0.2 0.2 0.2 0.2
1 0.994750236982 0.00161119247972 0.00345255531369 3.21299025111e-05 0.000153885322553
1 0.291543357291 0.708033867706 0.000207959596421 2.97085137745e-05 0.000185106893518
1 0.922289362989 0.0736066343285 0.00407664926908 2.73511078436e-05 2.30602535267e-09
1 0.154185022026 0.805703686529 0.02249014607 0.00950614421516 0.00811500115929
1 0.990380276126 0.00961944273573 2.81083547629e-07 1.02899678023e-11 4.45810543424e-11
1 0.0769230769231 0.668227424749 0.134448160535 0.0461538461538 0.0742474916388
1 0.999547229218 0.000452770759804 2.12729251873e-11 3.39544779502e-13 3.75738351301e-13
1 0.335320417288 0.335320417288 0.120715350224 0.201192250373 0.00745156482861
1 0.0713759405089 0.919422155504 0.00808160391372 0.00030232396827 0.000817976104628
1 0.35734705546 0.611460517121 0.0257289879931 0.000317641827076 0.00514579759863
1 0.0533482369678 0.0411543542323 0.864241438878 0.000101615689462 0.0411543542323
1 0.300566145756 0.685290812324 0.00286253472149 0.0111320794724 0.000148427726299
1 0.0745382408959 0.925461758297 8.06607752741e-10 6.23165815628e-13 4.11500060506e-16
1 0.894480502928 0.105240709722 2.37113104298e-06 0.000250204336483 2.62118828697e-05
1 0.990736374983 0.00485369574262 0.00374427957287 0.000416031063653 0.000249618638192
1 0.998551472614 0.00144552213178 2.92024673088e-06 7.17253583022e-08 1.32824737597e-08
1 0.134328358209 0.223880597015 0.402985074627 0.134328358209 0.10447761194
1 0.461786231519 0.182867508229 0.353075884428 0.00215387963575 0.000116496188539
1 0.873256177667 0.0703784798248 0.0013137316234 0.0547388176415 0.000312793243666
1 0.99986453765 0.000105504330236 2.87739082463e-05 1.06570030542e-06 1.18411145046e-07
1 0.00682187330807 0.219274499188 0.246345425014 0.443421765024 0.0841364374662
1 0.108562918838 0.615189873418 0.00967982129561 0.00521221146687 0.261355174981
1 0.93837309821 0.059924176798 0.00169911178277 9.03302383183e-07 2.70990714955e-06
1 0.409869038324 0.505845539946 0.084255463534 2.15833009363e-05 8.37489504179e-06
1 0.966593323501 0.0258192155997 0.000263254747291 0.000105325973425 0.00721888017856
1 0.034965034965 0.944055944056 0.0169185653057 0.00203022783668 0.00203022783668
1 0.758754863813 0.210470463389 0.0173328616908 0.00389105058366 0.00955076052352
1 0.387771850636 0.439474764054 0.00861715223636 0.0102585145671 0.153877718506
1 0.124973897355 0.582206783412 0.263055314505 0.0297115255573 5.24791708051e-05
1 0.176470588235 0.0117647058824 0.317647058824 0.247058823529 0.247058823529
1 0.44738476136 0.549859418278 0.0026103050738 4.08638824077e-05 0.000104651406166
1 0.553047404063 0.331828442438 0.0880361173815 0.020316027088 0.00677200902935
1 0.922477360446 0.0752603907124 0.0021502968775 0.000110586696557 1.36526785873e-06
1 0.980899331669 0.0190539885717 4.66628291551e-05 9.87573103812e-09 7.05409359865e-09
1 0.309941520468 0.115009746589 0.333333333333 0.19298245614 0.0487329434698
1 0.404852352425 0.595125846054 1.52648901782e-05 5.47087542727e-06 1.06575495336e-06
1 0.0146723182263 0.924356048256 0.000978154548419 0.0570590153244 0.00293446364526
1 0.400461789183 0.462071295211 0.131975250317 0.00489508201174 0.000596583277784
1 0.026264744198 0.899249547141 0.0589989095984 0.010609850772 0.00487694829108
1 0.749912986983 0.0277745550734 0.203610460125 0.0130171473652 0.00568485045363
1 0.0179940985269 0.97304221866 0.00628150593044 0.000379905478673 0.00230227140437
1 0.834481758178 0.0794226445202 0.0562123739755 0.0279248567491 0.00195836657721
1 0.00999066354572 0.980124779795 0.00244606187146 0.00743665933102 1.83545684846e-06
1 0.793362700754 0.205686626121 0.000175530488242 0.000568718781903 0.000206423854172
1 0.943615268645 0.0261813107452 0.000911254484007 0.0292829119431 9.25418293524e-06
1 0.00485310486945 0.993982681136 0.000416748617598 0.000746562577332 9.02799400051e-07
1 0.142857142857 0.428571428571 0.142857142857 0.142857142857 0.142857142857
1 0.739130434783 0.217391304348 0.0144927536232 0.0048309178744 0.024154589372
1 0.0150507265227 0.877959047159 0.0953212679773 0.0046452859638 0.00702367237727
1 0.310344827586 0.558620689655 0.103448275862 0.00689655172414 0.0206896551724
1 0.377399515438 0.528359321613 0.0170839286824 0.0754799030875 0.00167733117972
1 0.945537065053 0.00453857791225 0.0226928895613 0.00453857791225 0.0226928895613
1 0.333333333333 0.0204081632653 0.551020408163 0.0612244897959 0.0340136054422
1 1.56208159327e-05 0.441124741569 0.558834689993 2.49076502246e-05 3.9972458279e-08
1 0.942802878026 0.0571970450687 7.68469285369e-08 5.82516630596e-11 2.71414585644e-14
1 0.0145913329676 0.0029621503017 0.0049369171695 0.962698848053 0.0148107515085
1 0.98845644672 0.0115433046798 1.22435860984e-07 2.14009494833e-10 1.25950173544e-07
1 0.00401682531015 0.995977706217 4.45749432215e-06 6.28031846075e-07 3.82946247607e-07
1 0.000361994632067 0.998955536356 0.000682426417867 4.25113638804e-08 8.22906772752e-11
1 0.0273889227024 0.958612294583 0.0127814972611 0.000608642726719 0.000608642726719
1 0.980966668229 0.0159861234823 0.000703201912709 0.00229712624818 4.68801275139e-05
1 0.481152993348 0.481152993348 0.00369549150037 0.0332594235033 0.000739098300074
1 0.818181818182 0.127272727273 0.0181818181818 0.0181818181818 0.0181818181818
1 0.433155080214 0.336898395722 0.208556149733 0.0160427807487 0.00534759358289
1 0.967076018401 0.0157094869786 0.0171058858211 3.87888567372e-05 6.9819942127e-05
1 0.536909687857 0.101465577375 0.31149636436 0.0499275063272 0.000200864080755
1 0.873440827502 0.0702768481898 0.0114998478856 0.0447216306663 6.08457560085e-05
1 0.511411665258 0.474218089603 0.0126796280642 0.001221001221 0.000469615854231
1 0.000127570609985 0.00230824699619 0.00450352602273 0.977281994353 0.0157786620179
1 0.886214442013 0.00656455142232 0.00656455142232 0.0984682713348 0.00218818380744
1 6.93645743159e-05 0.999565537932 0.000363918786865 1.17839996464e-06 3.07227964095e-10
1 0.142857142857 0.428571428571 0.142857142857 0.142857142857 0.142857142857
1 2.29093831581e-05 0.158481221703 0.8414839383 9.70836269813e-06 2.22225057089e-06
1 0.0310069888769 0.518259671227 0.062703021951 0.0115168815828 0.376513436362
1 0.889667578375 0.11028936922 1.4004999266e-05 2.54164801495e-05 3.63092573564e-06
1 0.2 0.2 0.2 0.2 0.2
1 0.404711718363 0.595273121752 1.48465674461e-05 3.91647342147e-08 2.74153139503e-07
1 0.0347020489222 0.964948914465 8.66955297106e-05 0.00026201137425 3.29708561958e-07
1 0.863539445629 0.0959488272921 0.0319829424307 0.00639658848614 0.00213219616205
1 0.179631679581 0.806983999195 0.0105665693871 0.00271711784241 0.000100633994163
1 0.0942149022235 0.905785085119 7.79151743597e-11 7.729679996e-10 1.18065340739e-08
1 0.93758092516 0.0427284846974 0.0016784477715 0.0179833689804 2.87733903686e-05
1 0.7956681651 0.165508786269 0.030649775235 0.0044953003678 0.0036779730282
1 0.274877130924 0.465828191061 0.258182356977 0.00111217015313 1.50884568326e-07
1 0.809771815031 0.184666141237 0.00532261888312 0.000233707451129 5.71739762654e-06
1 0.986812260917 0.0125574629229 0.000391347942375 0.000135941916825 0.000102986300625
1 0.998604542758 0.00110976237804 5.8938221918e-05 0.000216187476242 1.05691655052e-05
1 0.0285575404059 0.956981407218 0.00595455097825 0.000607607242678 0.00789889415482
1 0.0884240862844 0.0954980131872 0.0023619452902 0.33086685377 0.482849101468
1 0.653514455516 0.30765449752 0.0261405782207 0.0073729836007 0.00531748514232
1 0.947409126063 0.0425367362722 0.00974477958237 0.00018905216121 0.00012030592077
1 0.999996690405 3.30958906398e-06 5.79264152058e-12 4.59207780053e-15 6.2107561123e-21
1 0.614035087719 0.157894736842 0.157894736842 0.0526315789474 0.0175438596491
1 0.104100091208 0.895668366862 0.000188954787402 4.24565077867e-05 1.30635408574e-07
1 0.0895046937219 0.910493785187 1.44976292844e-06 6.27308168497e-08 8.59697693415e-09
1 0.713598505401 0.284080166912 0.00226539208064 1.67806820788e-05 3.91549248505e-05
1 0.272393763375 0.701620299603 0.0229287679609 0.0027514521553 0.000305716906145
1 0.0909090909091 0.584415584416 0.265643447462 0.0531286894923 0.00590318772137
1 0.938389553408 0.0459155290498 0.000414130107129 0.0152740927747 6.69466012548e-06
1 4.40567175034e-05 0.0720913840839 0.927799689002 6.48424508896e-05 2.77460209198e-08
1 0.965360150068 0.0320869945417 0.00246823034936 4.23125202747e-05 4.23125202747e-05
1 0.992525561996 0.00733557526223 0.00013447182486 2.74432295632e-06 1.64659377379e-06
1 0.884187897856 0.115783178352 2.86899990516e-05 2.05235296441e-07 2.85577870744e-08
1 0.211880111685 0.546687751723 0.176793259371 0.00126016159719 0.0633787156235
1 0.734727010086 0.254096020522 0.0037199749445 0.00611473544714 0.00134225900059
1 0.961641054349 0.0380686007674 5.2220302836e-05 0.00020679239923 3.13321817016e-05
1 0.964202954949 0.0357112205537 5.29055119314e-05 1.17567804292e-06 3.17433071588e-05
1 0.83552694433 0.163891659327 0.000553665579532 9.68677343264e-06 1.80439897275e-05
1 0.36 0.504 0.056 0.072 0.008
1 0.999376095439 0.000427332829925 0.000194242195421 1.84992567067e-06 4.79610359063e-07
1 0.935334872979 0.0207852193995 0.00230946882217 0.0346420323326 0.00692840646651
1 0.111111111111 0.333333333333 0.333333333333 0.111111111111 0.111111111111
1 0.0939489224634 0.903520208605 0.000230078993788 0.000230078993788 0.00207071094409
1 0.990035541454 0.00742957879822 0.00234442797109 0.000167738020115 2.27137562007e-05
1 0.451399073151 0.532351733443 0.0131988033085 0.000410629436264 0.0026397606617
1 0.735408560311 0.175097276265 0.0194552529183 0.0350194552529 0.0350194552529
1 0.183673469388 0.0955102040816 0.303510204082 0.242448979592 0.174857142857
1 0.997138729085 0.00268092168588 0.000151979687408 1.01319791605e-05 1.8237562489e-05
1 0.956034544287 0.0231960602384 0.0164870458925 0.00321176218685 0.00107058739562
1 0.2 0.2 0.2 0.2 0.2
1 0.85520361991 0.0950226244344 0.0316742081448 0.0135746606335 0.00452488687783
1 0.2 0.2 0.2 0.2 0.2
1 0.937404492658 0.0624936328439 8.80728013981e-05 1.37002135508e-05 1.01483063339e-07
1 0.999567452361 0.000430932470153 1.50444236194e-06 1.0831985006e-07 2.4071077791e-09
1 0.000439799403842 0.996457430161 0.00298527164262 0.00011716136745 3.37424738256e-07
1 0.000172023662902 0.989339934303 0.0104768190702 2.57824853133e-06 8.64471566388e-06
1 0.77208339965 0.0835588094859 0.107432755053 0.00111411745981 0.0358109183511
1 0.0549849159546 0.944740828674 0.000272652475808 1.12202664942e-06 4.80868564035e-07
1 0.00587075040923 0.994009717905 0.00011944335738 7.15536099141e-08 1.67751581695e-08
1 0.185840707965 0.238938053097 0.0442477876106 0.132743362832 0.398230088496
1 0.146136466335 0.0474469046543 0.793041120651 0.0120198825124 0.00135562584727
1 0.000192540760404 0.996398435088 0.000273360338845 0.00272307646856 0.000412587343722
1 0.103485374874 0.735290821473 0.147058164295 0.0141611565617 4.48279726549e-06
1 0.36130937945 0.607409146792 0.0111068043085 0.0201636506891 1.10187600325e-05
1 0.692307692308 0.0769230769231 0.0769230769231 0.0769230769231 0.0769230769231
1 0.016393442623 0.573770491803 0.0819672131148 0.136612021858 0.191256830601
1 0.12 0.6 0.04 0.2 0.04
1 0.0258404606013 0.96348003099 0.00041016604129 0.0102541510323 1.51913348626e-05
1 0.850553077591 0.145479214176 0.000129314857046 0.00237077237917 0.00146762099663
1 0.9814826322 0.00950723917231 0.00105635990803 0.000683526999316 0.00727024172
1 0.917084443806 0.0774479901145 0.00426652363654 0.00114330001809 5.77424251562e-05
1 0.0839875573989 0.75588801659 0.0570285883573 0.00311065027403 0.0999851873796
1 0.230769230769 0.692307692308 0.0153846153846 0.0358974358974 0.025641025641
1 0.544666304778 0.101961532255 0.352943765496 6.1618814278e-05 0.000366778656416
1 0.0613116302541 0.240180887747 0.698111547444 0.00033305083101 6.28837233375e-05
1 0.254526410295 0.707017806374 0.0336675145893 0.000748166990872 0.00404010175071
1 0.998863269789 0.000537642667322 4.6083657199e-05 0.000506920229189 4.6083657199e-05
1 0.765426365862 0.231796179303 0.00260407391403 0.00015523640623 1.81445150139e-05
1 0.564955028212 0.43218516708 0.00261158700607 5.97676628256e-05 0.000188450039483
1 0.997677344608 0.00232263508798 1.93094324976e-08 5.51698071361e-10 4.42720674549e-10
1 0.989780048878 0.000995663515104 0.00588346622561 0.00144000921606 0.0019008121652
1 0.0526315789474 0.473684210526 0.0526315789474 0.157894736842 0.263157894737
1 0.159914712154 0.0277185501066 0.633262260128 0.0831556503198 0.0959488272921
1 0.999142834987 0.000566954756453 0.000279994855153 8.30646244326e-06 1.90893857392e-06
1 0.285475792988 0.159265442404 0.531886477462 0.0143572621035 0.00901502504174
1 0.0623955122771 0.0519843753714 0.16222833192 0.00138656693949 0.722005213492
1 0.140263024424 0.859258359705 0.000178588011744 0.000192875052683 0.000107152807046
1 0.665024630542 0.221674876847 0.0443349753695 0.0443349753695 0.0246305418719
1 0.344262295082 0.0679156908665 0.526932084309 0.00234192037471 0.0585480093677
1 0.999991389398 8.59762937745e-06 7.91946653923e-09 4.9708121509e-09 8.19708116352e-11
1 0.716814159292 0.0619469026549 0.132743362832 0.0442477876106 0.0442477876106
1 0.176470030148 0.823457478932 1.18508236484e-05 9.81809041017e-08 6.05419156838e-05
1 0.999947197609 5.10406641026e-05 1.72316096227e-06 3.52760357947e-08 3.28973074125e-09
1 0.91145130053 0.0781243971883 7.71598984576e-06 0.00669637690185 0.00372020938992
1 0.0408311209475 0.955448230171 0.00349981036693 0.000168029304311 5.28092099262e-05
1 0.0406604085387 0.959284453302 1.43422957808e-05 9.56153052056e-07 3.98397105024e-05
1 0.806819393327 0.152954342608 0.0395673395937 0.000543312722779 0.000115611748003
1 0.967295058281 0.0276623717111 3.63600873408e-05 0.00486268325962 0.000143526660556
1 0.0526315789474 0.0526315789474 0.0526315789474 0.789473684211 0.0526315789474
1 0.877665659644 0.0864929337531 0.0358004159334 3.6598812245e-05 4.3918574694e-06
1 0.703716766528 0.296177090289 6.76976206376e-05 1.75512349801e-05 2.08943273573e-05
1 0.234042553191 0.574468085106 0.063829787234 0.063829787234 0.063829787234
1 0.715170278638 0.108359133127 0.139318885449 0.0216718266254 0.015479876161
1 0.142857142857 0.142857142857 0.428571428571 0.142857142857 0.142857142857
1 0.2 0.2 0.2 0.2 0.2
1 0.00876272375915 0.991230421943 6.21074701797e-06 6.41706049279e-07 1.8444371951e-09
1 0.995058185754 0.00469807339907 0.000243698275067 1.93938893406e-08 2.31780628705e-08
1 0.985043910127 0.000765379883549 0.0140319645317 0.00015307597671 5.66948061888e-06
1 0.0707176532216 0.891042430592 0.0141435306443 0.0235725510739 0.000523834468308
1 0.211427948273 0.752452811996 0.00634410644078 0.00656984529793 0.0232052879917
1 0.845958070394 0.131862358316 0.0109849343719 0.0109159010058 0.000278735912502
1 0.535538074385 0.410862543841 0.0520141874889 0.00148611964254 9.90746428359e-05
1 0.999172982425 0.000331347192867 0.000238098047212 0.000147123270964 0.000110449064289
1 0.00157301017492 0.997532922872 0.000894055066507 8.27758983277e-10 1.10591477975e-08
1 0.900744416873 0.0537634408602 0.0322580645161 0.00578990901572 0.00744416873449
1 0.221190606226 0.516111414528 0.240851993446 0.0147460404151 0.00709994538504
1 0.15135194805 0.848647731887 3.20056470372e-07 5.84196361329e-12 2.00141546153e-16
1 0.586206896552 0.310344827586 0.0344827586207 0.0344827586207 0.0344827586207
1 0.958562659067 0.0414367484902 5.84929083323e-07 2.06156823772e-09 5.45170267309e-09
1 0.019556714472 0.0610102630963 0.906796376158 0.0105305385618 0.00210610771237
1 0.235602094241 0.706806282723 0.0157068062827 0.0157068062827 0.0261780104712
1 0.996190572297 0.000920821928176 0.000391033969499 0.00238404581404 0.000113525991145
1 0.999840379077 6.37818089192e-05 9.58359336372e-05 2.82694805732e-09 3.53943090104e-10
1 0.0342205323194 0.855513307985 0.102661596958 0.00380228136882 0.00380228136882
1 0.908278789481 0.0912563804708 0.000459577731227 4.37693077359e-06 8.75386154717e-07
1 0.0761775151857 0.842732432702 0.0624356889169 0.00819862581737 0.0104557373784
1 0.000332442715195 0.999594800462 2.17648616383e-05 5.03701083629e-05 6.21853189665e-07
1 0.397335045754 0.585166158292 0.0043345641355 0.0130036924065 0.000160539412426
1 0.660329895425 0.0954109318288 0.222841125526 0.0152729363568 0.00614511086355
1 0.555555555556 0.111111111111 0.111111111111 0.111111111111 0.111111111111
1 0.999999999925 7.47743064548e-11 1.0985767952e-13 1.40331765732e-16 9.54637862122e-19
1 0.483870967742 0.0967741935484 0.161290322581 0.0967741935484 0.161290322581
1 0.210434782609 0.401739130435 0.158260869565 0.0260869565217 0.20347826087
1 0.772579817567 0.00323590764478 0.0060259538773 0.0226623413153 0.195495979596
1 0.59413202934 0.0366748166259 0.0268948655257 0.338875305623 0.00342298288509
1 0.0100809578461 0.791432736747 0.0226123639071 0.00139582493254 0.174478116567
1 0.233429394813 0.700288184438 0.0259365994236 0.014409221902 0.0259365994236
1 0.827902507207 0.0222765790163 0.066829737049 0.0432427710317 0.0397484056958
1 0.997067398524 0.00293259334302 8.13313273303e-09 4.98548302305e-14 1.55372423758e-13
1 0.132060138155 0.00725605154699 0.822836245429 0.00156730713415 0.036280257735
1 0.235205133269 0.370145678299 0.0277177766478 0.366920007899 1.14038852494e-05
1 0.938684416804 0.00221708319398 0.059092216283 1.69545732045e-06 4.58826122238e-06
1 0.278177585098 0.721778107469 4.4082871371e-05 1.33775142305e-07 9.07861470069e-08
1 0.964535049877 0.0275581442822 0.000476313604877 0.00600155142146 0.00142894081463
1 0.67236438227 0.00829629271683 0.0110958647447 0.304665395616 0.00357806465158
1 0.257731958763 0.0309278350515 0.154639175258 0.463917525773 0.0927835051546
1 0.144005957229 0.632110359627 0.0846991138202 0.0108261184824 0.128358450841
1 0.000164417562281 0.998836690858 2.27839907419e-06 0.000815376890496 0.000181236289992
